============================================================
  Generated by:           Genus(TM) Synthesis Solution GENUS15.23 - 15.20-s040_1
  Generated on:           Aug 21 2016  11:30:56 pm
  Module:                 decoder8x256
  Technology libraries:   fast_vdd1v0 1.0
                          abstract_models 
  Operating conditions:   PVT_1P1V_0C (balanced_tree)
  Wireload mode:          enclosed
  Area mode:              timing library
============================================================

                      Leakage   Dynamic    Total   
   Instance    Cells Power(nW) Power(nW) Power(nW) 
---------------------------------------------------
decoder8x256     510    42.691  4023.109  4065.801 
  layer1_0        30     2.665   550.763   553.428 
    layer1_0       6     0.553   184.471   185.024 
      layer1_0     2     0.190    66.873    67.063 
      layer2_0     2     0.182    69.584    69.766 
      layer2_1     2     0.181    48.015    48.195 
    layer2_1       6     0.535   132.687   133.222 
      layer1_0     2     0.181    60.244    60.425 
      layer2_1     2     0.179    44.234    44.413 
      layer2_0     2     0.176    28.209    28.384 
    layer2_2       6     0.527    70.204    70.731 
      layer1_0     2     0.177    32.232    32.409 
      layer2_0     2     0.176    18.651    18.828 
      layer2_1     2     0.174    19.321    19.495 
    layer2_3       6     0.527   105.547   106.074 
      layer1_0     2     0.177    44.108    44.285 
      layer2_1     2     0.176    52.211    52.387 
      layer2_0     2     0.174     9.229     9.402 
    layer2_0       6     0.523    57.854    58.377 
      layer1_0     2     0.175    29.231    29.406 
      layer2_1     2     0.174     9.253     9.428 
      layer2_0     2     0.174    19.370    19.543 
  layer2_7        30     2.516   164.973   167.489 
    layer1_0       6     0.529    79.684    80.213 
      layer1_0     2     0.178    34.853    35.031 
      layer2_0     2     0.176    25.961    26.137 
      layer2_1     2     0.175    18.870    19.045 
    layer2_0       6     0.499    33.382    33.881 
      layer1_0     2     0.176    18.856    19.032 
      layer2_1     2     0.163     6.001     6.164 
      layer2_0     2     0.161     8.525     8.686 
    layer2_2       6     0.498    15.409    15.907 
      layer1_0     2     0.175     9.347     9.523 
      layer2_1     2     0.162     5.983     6.145 
      layer2_0     2     0.161     0.078     0.239 
    layer2_3       6     0.495    17.648    18.143 
      layer1_0     2     0.173     9.177     9.350 
      layer2_1     2     0.161     8.393     8.554 
      layer2_0     2     0.161     0.078     0.239 
    layer2_1       6     0.495    18.850    19.345 
      layer1_0     2     0.173    10.323    10.497 
      layer2_0     2     0.161     8.448     8.609 
      layer2_1     2     0.161     0.078     0.239 
  layer2_14       30     2.507   174.075   176.581 
    layer1_0       6     0.524    83.056    83.580 
      layer1_0     2     0.176    36.298    36.473 
      layer2_0     2     0.175    36.358    36.533 
      layer2_1     2     0.173    10.400    10.574 
    layer2_0       6     0.498    50.865    51.363 
      layer1_0     2     0.175    29.110    29.285 
      layer2_0     2     0.162    15.920    16.082 
      layer2_1     2     0.161     5.835     5.996 
    layer2_1       6     0.495    20.893    21.389 
      layer1_0     2     0.174     9.208     9.382 
      layer2_1     2     0.161    11.607    11.768 
      layer2_0     2     0.161     0.078     0.239 
    layer2_2       6     0.495    19.022    19.517 
      layer1_0     2     0.173    10.418    10.592 
      layer2_0     2     0.161     8.525     8.686 
      layer2_1     2     0.161     0.078     0.239 
    layer2_3       6     0.494     0.238     0.733 
      layer1_0     2     0.173     0.081     0.254 
      layer2_0     2     0.161     0.078     0.239 
      layer2_1     2     0.161     0.078     0.239 
  layer2_8        30     2.505    44.586    47.092 
    layer1_0       6     0.524    18.768    19.291 
      layer1_0     2     0.175     9.350     9.525 
      layer2_1     2     0.175     9.336     9.511 
      layer2_0     2     0.173     0.081     0.254 
    layer2_3       6     0.498    25.105    25.603 
      layer1_0     2     0.175     9.227     9.402 
      layer2_0     2     0.163    15.799    15.961 
      layer2_1     2     0.161     0.078     0.239 
    layer2_0       6     0.494     0.238     0.733 
      layer1_0     2     0.173     0.081     0.254 
      layer2_0     2     0.161     0.078     0.239 
      layer2_1     2     0.161     0.078     0.239 
    layer2_1       6     0.494     0.238     0.733 
      layer1_0     2     0.173     0.081     0.254 
      layer2_0     2     0.161     0.078     0.239 
      layer2_1     2     0.161     0.078     0.239 
    layer2_2       6     0.494     0.238     0.733 
      layer1_0     2     0.173     0.081     0.254 
      layer2_0     2     0.161     0.078     0.239 
      layer2_1     2     0.161     0.078     0.239 
  layer2_5        30     2.503   104.054   106.557 
    layer1_0       6     0.522    36.828    37.350 
      layer1_0     2     0.175    18.373    18.548 
      layer2_1     2     0.175    18.374    18.548 
      layer2_0     2     0.173     0.081     0.254 
    layer2_3       6     0.497    66.512    67.009 
      layer1_0     2     0.175    33.381    33.555 
      layer2_1     2     0.162    16.159    16.321 
      layer2_0     2     0.161    16.972    17.132 
    layer2_0       6     0.494     0.238     0.733 
      layer1_0     2     0.173     0.081     0.254 
      layer2_0     2     0.161     0.078     0.239 
      layer2_1     2     0.161     0.078     0.239 
    layer2_1       6     0.494     0.238     0.733 
      layer1_0     2     0.173     0.081     0.254 
      layer2_0     2     0.161     0.078     0.239 
      layer2_1     2     0.161     0.078     0.239 
    layer2_2       6     0.494     0.238     0.733 
      layer1_0     2     0.173     0.081     0.254 
      layer2_0     2     0.161     0.078     0.239 
      layer2_1     2     0.161     0.078     0.239 
  layer2_9        30     2.503    34.965    37.468 
    layer1_0       6     0.522    18.936    19.458 
      layer1_0     2     0.175     9.284     9.459 
      layer2_1     2     0.174     9.570     9.745 
      layer2_0     2     0.173     0.081     0.254 
    layer2_2       6     0.497    15.315    15.812 
      layer1_0     2     0.175     9.299     9.474 
      layer2_1     2     0.162     5.937     6.099 
      layer2_0     2     0.161     0.078     0.239 
    layer2_0       6     0.494     0.238     0.733 
      layer1_0     2     0.173     0.081     0.254 
      layer2_0     2     0.161     0.078     0.239 
      layer2_1     2     0.161     0.078     0.239 
    layer2_1       6     0.494     0.238     0.733 
      layer1_0     2     0.173     0.081     0.254 
      layer2_0     2     0.161     0.078     0.239 
      layer2_1     2     0.161     0.078     0.239 
    layer2_3       6     0.494     0.238     0.733 
      layer1_0     2     0.173     0.081     0.254 
      layer2_0     2     0.161     0.078     0.239 
      layer2_1     2     0.161     0.078     0.239 
  layer2_4        30     2.502    39.933    42.436 
    layer1_0       6     0.522    18.651    19.173 
      layer1_0     2     0.174     9.292     9.467 
      layer2_1     2     0.174     9.277     9.452 
      layer2_0     2     0.173     0.081     0.254 
    layer2_3       6     0.497    20.569    21.065 
      layer1_0     2     0.174     9.277     9.452 
      layer2_1     2     0.162    11.213    11.375 
      layer2_0     2     0.161     0.078     0.239 
    layer2_0       6     0.494     0.238     0.733 
      layer1_0     2     0.173     0.081     0.254 
      layer2_0     2     0.161     0.078     0.239 
      layer2_1     2     0.161     0.078     0.239 
    layer2_1       6     0.494     0.238     0.733 
      layer1_0     2     0.173     0.081     0.254 
      layer2_0     2     0.161     0.078     0.239 
      layer2_1     2     0.161     0.078     0.239 
    layer2_2       6     0.494     0.238     0.733 
      layer1_0     2     0.173     0.081     0.254 
      layer2_0     2     0.161     0.078     0.239 
      layer2_1     2     0.161     0.078     0.239 
  layer2_3        30     2.501    47.628    50.129 
    layer1_0       6     0.522    18.588    19.109 
      layer1_0     2     0.174     9.253     9.427 
      layer2_1     2     0.174     9.253     9.428 
      layer2_0     2     0.173     0.081     0.254 
    layer2_3       6     0.496    28.326    28.822 
      layer1_0     2     0.174    16.584    16.758 
      layer2_0     2     0.161     5.896     6.057 
      layer2_1     2     0.161     5.846     6.007 
    layer2_0       6     0.494     0.238     0.733 
      layer1_0     2     0.173     0.081     0.254 
      layer2_0     2     0.161     0.078     0.239 
      layer2_1     2     0.161     0.078     0.239 
    layer2_1       6     0.494     0.238     0.733 
      layer1_0     2     0.173     0.081     0.254 
      layer2_0     2     0.161     0.078     0.239 
      layer2_1     2     0.161     0.078     0.239 
    layer2_2       6     0.494     0.238     0.733 
      layer1_0     2     0.173     0.081     0.254 
      layer2_0     2     0.161     0.078     0.239 
      layer2_1     2     0.161     0.078     0.239 
  layer2_6        30     2.501    74.673    77.174 
    layer1_0       6     0.521    38.392    38.913 
      layer1_0     2     0.174    19.294    19.468 
      layer2_0     2     0.174     9.938    10.112 
      layer2_1     2     0.173     9.159     9.333 
    layer2_0       6     0.496    18.060    18.556 
      layer1_0     2     0.174     9.937    10.111 
      layer2_0     2     0.161     8.045     8.206 
      layer2_1     2     0.161     0.078     0.239 
    layer2_3       6     0.495    17.745    18.239 
      layer1_0     2     0.173     9.159     9.333 
      layer2_1     2     0.161     8.507     8.668 
      layer2_0     2     0.161     0.078     0.239 
    layer2_1       6     0.494     0.238     0.733 
      layer1_0     2     0.173     0.081     0.254 
      layer2_0     2     0.161     0.078     0.239 
      layer2_1     2     0.161     0.078     0.239 
    layer2_2       6     0.494     0.238     0.733 
      layer1_0     2     0.173     0.081     0.254 
      layer2_0     2     0.161     0.078     0.239 
      layer2_1     2     0.161     0.078     0.239 
  layer2_15       30     2.500   123.145   125.646 
    layer1_0       6     0.521    60.283    60.804 
      layer1_0     2     0.174    29.541    29.715 
      layer2_0     2     0.174    20.455    20.629 
      layer2_1     2     0.173    10.287    10.460 
    layer2_0       6     0.495    33.683    34.179 
      layer1_0     2     0.174    19.384    19.558 
      layer2_1     2     0.161     5.851     6.012 
      layer2_0     2     0.161     8.448     8.609 
    layer2_2       6     0.495    28.703    29.198 
      layer1_0     2     0.173    17.041    17.215 
      layer2_0     2     0.161     5.843     6.004 
      layer2_1     2     0.161     5.819     5.980 
    layer2_1       6     0.494     0.238     0.733 
      layer1_0     2     0.173     0.081     0.254 
      layer2_0     2     0.161     0.078     0.239 
      layer2_1     2     0.161     0.078     0.239 
    layer2_3       6     0.494     0.238     0.733 
      layer1_0     2     0.173     0.081     0.254 
      layer2_0     2     0.161     0.078     0.239 
      layer2_1     2     0.161     0.078     0.239 
  layer2_13       30     2.500    68.040    70.540 
    layer1_0       6     0.521    37.330    37.851 
      layer1_0     2     0.174    16.812    16.986 
      layer2_0     2     0.173    10.268    10.441 
      layer2_1     2     0.173    10.250    10.424 
    layer2_0       6     0.495    15.117    15.612 
      layer1_0     2     0.174     9.198     9.372 
      layer2_1     2     0.161     5.841     6.001 
      layer2_0     2     0.161     0.078     0.239 
    layer2_2       6     0.495    15.117    15.612 
      layer1_0     2     0.174     9.198     9.372 
      layer2_1     2     0.161     5.841     6.001 
      layer2_0     2     0.161     0.078     0.239 
    layer2_1       6     0.494     0.238     0.733 
      layer1_0     2     0.173     0.081     0.254 
      layer2_0     2     0.161     0.078     0.239 
      layer2_1     2     0.161     0.078     0.239 
    layer2_3       6     0.494     0.238     0.733 
      layer1_0     2     0.173     0.081     0.254 
      layer2_0     2     0.161     0.078     0.239 
      layer2_1     2     0.161     0.078     0.239 
  layer2_10       30     2.500    64.027    66.527 
    layer1_0       6     0.521    26.123    26.643 
      layer1_0     2     0.174     9.229     9.402 
      layer2_1     2     0.174    16.813    16.987 
      layer2_0     2     0.173     0.081     0.254 
    layer2_2       6     0.495    18.578    19.073 
      layer1_0     2     0.174    10.196    10.370 
      layer2_0     2     0.161     8.303     8.464 
      layer2_1     2     0.161     0.078     0.239 
    layer2_3       6     0.495    18.850    19.345 
      layer1_0     2     0.173    10.323    10.497 
      layer2_0     2     0.161     8.448     8.609 
      layer2_1     2     0.161     0.078     0.239 
    layer2_0       6     0.494     0.238     0.733 
      layer1_0     2     0.173     0.081     0.254 
      layer2_0     2     0.161     0.078     0.239 
      layer2_1     2     0.161     0.078     0.239 
    layer2_1       6     0.494     0.238     0.733 
      layer1_0     2     0.173     0.081     0.254 
      layer2_0     2     0.161     0.078     0.239 
      layer2_1     2     0.161     0.078     0.239 
  layer2_0        30     2.499    37.699    40.198 
    layer1_0       6     0.520    18.493    19.013 
      layer1_0     2     0.174     9.214     9.387 
      layer2_1     2     0.174     9.198     9.372 
      layer2_0     2     0.173     0.081     0.254 
    layer2_3       6     0.495    18.492    18.987 
      layer1_0     2     0.174    10.144    10.318 
      layer2_0     2     0.161     8.269     8.430 
      layer2_1     2     0.161     0.078     0.239 
    layer2_0       6     0.494     0.238     0.733 
      layer1_0     2     0.173     0.081     0.254 
      layer2_0     2     0.161     0.078     0.239 
      layer2_1     2     0.161     0.078     0.239 
    layer2_1       6     0.494     0.238     0.733 
      layer1_0     2     0.173     0.081     0.254 
      layer2_0     2     0.161     0.078     0.239 
      layer2_1     2     0.161     0.078     0.239 
    layer2_2       6     0.494     0.238     0.733 
      layer1_0     2     0.173     0.081     0.254 
      layer2_0     2     0.161     0.078     0.239 
      layer2_1     2     0.161     0.078     0.239 
  layer2_1        30     2.498    37.987    40.486 
    layer1_0       6     0.520    18.423    18.943 
      layer1_0     2     0.173     9.171     9.344 
      layer2_1     2     0.173     9.171     9.344 
      layer2_0     2     0.173     0.081     0.254 
    layer2_3       6     0.495    18.850    19.345 
      layer1_0     2     0.173    10.323    10.497 
      layer2_0     2     0.161     8.448     8.609 
      layer2_1     2     0.161     0.078     0.239 
    layer2_0       6     0.494     0.238     0.733 
      layer1_0     2     0.173     0.081     0.254 
      layer2_0     2     0.161     0.078     0.239 
      layer2_1     2     0.161     0.078     0.239 
    layer2_1       6     0.494     0.238     0.733 
      layer1_0     2     0.173     0.081     0.254 
      layer2_0     2     0.161     0.078     0.239 
      layer2_1     2     0.161     0.078     0.239 
    layer2_2       6     0.494     0.238     0.733 
      layer1_0     2     0.173     0.081     0.254 
      layer2_0     2     0.161     0.078     0.239 
      layer2_1     2     0.161     0.078     0.239 
  layer2_11       30     2.498    35.428    37.926 
    layer1_0       6     0.520    19.641    20.161 
      layer1_0     2     0.173     9.159     9.333 
      layer2_1     2     0.173    10.400    10.574 
      layer2_0     2     0.173     0.081     0.254 
    layer2_2       6     0.495    15.073    15.568 
      layer1_0     2     0.173     9.176     9.349 
      layer2_1     2     0.161     5.819     5.980 
      layer2_0     2     0.161     0.078     0.239 
    layer2_0       6     0.494     0.238     0.733 
      layer1_0     2     0.173     0.081     0.254 
      layer2_0     2     0.161     0.078     0.239 
      layer2_1     2     0.161     0.078     0.239 
    layer2_1       6     0.494     0.238     0.733 
      layer1_0     2     0.173     0.081     0.254 
      layer2_0     2     0.161     0.078     0.239 
      layer2_1     2     0.161     0.078     0.239 
    layer2_3       6     0.494     0.238     0.733 
      layer1_0     2     0.173     0.081     0.254 
      layer2_0     2     0.161     0.078     0.239 
      layer2_1     2     0.161     0.078     0.239 
  layer2_12       30     2.498     1.195     3.693 
    layer1_0       6     0.520     0.243     0.763 
      layer1_0     2     0.173     0.081     0.254 
      layer2_0     2     0.173     0.081     0.254 
      layer2_1     2     0.173     0.081     0.254 
    layer2_0       6     0.494     0.238     0.733 
      layer1_0     2     0.173     0.081     0.254 
      layer2_0     2     0.161     0.078     0.239 
      layer2_1     2     0.161     0.078     0.239 
    layer2_1       6     0.494     0.238     0.733 
      layer1_0     2     0.173     0.081     0.254 
      layer2_0     2     0.161     0.078     0.239 
      layer2_1     2     0.161     0.078     0.239 
    layer2_2       6     0.494     0.238     0.733 
      layer1_0     2     0.173     0.081     0.254 
      layer2_0     2     0.161     0.078     0.239 
      layer2_1     2     0.161     0.078     0.239 
    layer2_3       6     0.494     0.238     0.733 
      layer1_0     2     0.173     0.081     0.254 
      layer2_0     2     0.161     0.078     0.239 
      layer2_1     2     0.161     0.078     0.239 
  layer2_2        30     2.498     1.195     3.693 
    layer1_0       6     0.520     0.243     0.763 
      layer1_0     2     0.173     0.081     0.254 
      layer2_0     2     0.173     0.081     0.254 
      layer2_1     2     0.173     0.081     0.254 
    layer2_0       6     0.494     0.238     0.733 
      layer1_0     2     0.173     0.081     0.254 
      layer2_0     2     0.161     0.078     0.239 
      layer2_1     2     0.161     0.078     0.239 
    layer2_1       6     0.494     0.238     0.733 
      layer1_0     2     0.173     0.081     0.254 
      layer2_0     2     0.161     0.078     0.239 
      layer2_1     2     0.161     0.078     0.239 
    layer2_2       6     0.494     0.238     0.733 
      layer1_0     2     0.173     0.081     0.254 
      layer2_0     2     0.161     0.078     0.239 
      layer2_1     2     0.161     0.078     0.239 
    layer2_3       6     0.494     0.238     0.733 
      layer1_0     2     0.173     0.081     0.254 
      layer2_0     2     0.161     0.078     0.239 
      layer2_1     2     0.161     0.078     0.239 

