============================================================
  Generated by:           Genus(TM) Synthesis Solution GENUS15.23 - 15.20-s040_1
  Generated on:           Aug 21 2016  11:15:09 pm
  Module:                 processor
  Technology libraries:   fast_vdd1v0 1.0
                          abstract_models 
  Operating conditions:   PVT_1P1V_0C (balanced_tree)
  Wireload mode:          enclosed
  Area mode:              timing library
============================================================

                                Leakage    Dynamic     Total   
        Instance         Cells Power(nW)  Power(nW)  Power(nW) 
---------------------------------------------------------------
fpa                       4037  1148.513 280943.572 282092.085 
  FPDSAdder               1656   437.014  99028.364  99465.379 
    PA_MANTISSA_DIFF       453   118.236  21814.756  21932.992 
      layer03_P_FF          24     8.226   2330.007   2338.234 
      layer04_P_FF          24     8.226   2322.286   2330.513 
      layer01_P_FF          24     8.222    798.326    806.547 
      layer02_P_FF          24     8.221   1641.621   1649.843 
      layer01_gOutL1_FF     12     4.116    373.456    377.571 
      layer02_gOutL2_FF     12     4.116    892.178    896.294 
      layer03_aOutL3_FF     12     4.113   1174.373   1178.486 
      layer03_gOutL3_FF     12     4.113   1138.976   1143.089 
      layer01_aOutL1_FF     12     4.111    443.438    447.549 
      layer02_aOutL2_FF     12     4.111    902.173    906.283 
      layer01_G_FF          11     3.773    341.926    345.699 
      layer01_A_FF          11     3.768    361.546    365.314 
      layer04_aOutL4_FF      8     2.742    716.553    719.295 
      layer04_gOutL4_FF      8     2.742    759.022    761.764 
      layer04_CARRY_FF       7     2.399    716.365    718.764 
      layer02_gOutL1_FF      6     2.058    219.437    221.494 
      layer03_aOutL2_FF      6     2.057    571.877    573.934 
      layer03_gOutL2_FF      6     2.057    575.885    577.941 
      layer02_aOutL1_FF      6     2.055    435.195    437.251 
      layer02_G_FF           5     1.715    341.923    343.638 
      layer02_A_FF           5     1.713    355.972    357.685 
      layer04_aOutL3_FF      4     1.371    378.046    379.417 
      layer04_gOutL3_FF      4     1.371    339.531    340.901 
      layer03_gOutL1_FF      3     1.029    198.153    199.181 
      layer03_aOutL1_FF      3     1.028    291.251    292.279 
      layer03_G_FF           2     0.686    191.961    192.647 
      layer04_aOutL2_FF      2     0.686    191.961    192.647 
      layer04_gOutL2_FF      2     0.686    189.755    190.441 
      layer03_A_FF           2     0.685    187.822    188.507 
      layer04_A_FF           1     0.343     95.981     96.323 
      layer04_G_FF           1     0.343     94.878     95.220 
      layer04_aOutL1_FF      1     0.343     95.981     96.323 
      layer04_gOutL1_FF      1     0.343     94.878     95.220 
      level2_05              2     0.240      0.000      0.240 
      level2_06              2     0.240      0.000      0.240 
      level2_09              2     0.240      0.000      0.240 
      level2_10              2     0.240      0.000      0.240 
      level2_11              2     0.240      0.000      0.240 
      level2_12              2     0.240      0.000      0.240 
      level2_13              2     0.240      0.000      0.240 
      level2_14              2     0.240      0.000      0.240 
      level2_15              2     0.240      0.000      0.240 
      level2_16              2     0.240      0.000      0.240 
      level2_07              2     0.226     43.590     43.816 
      level2_08              2     0.226     43.590     43.816 
      level1_06              2     0.225      0.000      0.225 
      level1_07              2     0.225      0.000      0.225 
      level1_08              2     0.225      0.000      0.225 
      level1_09              2     0.225      0.000      0.225 
      level1_11              2     0.225      0.000      0.225 
      level1_12              2     0.225      0.000      0.225 
      level1_13              2     0.225      0.000      0.225 
      level1_15              2     0.225      0.000      0.225 
      level1_16              2     0.221     23.125     23.346 
      level1_14              2     0.221     36.456     36.677 
      level1_10              2     0.216     40.808     41.023 
      level3_10              2     0.208     48.846     49.054 
      level3_14              2     0.208     45.724     45.933 
      level3_13              2     0.207     51.562     51.769 
      level3_09              2     0.206     47.530     47.736 
      level3_06              2     0.205     47.342     47.547 
      level3_05              2     0.205     40.459     40.664 
      level3_07              2     0.204     47.114     47.317 
      level3_08              2     0.204     47.114     47.317 
      level3_11              2     0.204     47.114     47.317 
      level3_12              2     0.204     47.114     47.317 
      level3_16              2     0.204     43.993     44.196 
      level3_15              2     0.202     44.016     44.217 
      level4_09              2     0.198     47.485     47.683 
      level4_10              2     0.198     47.485     47.683 
      level4_11              2     0.198     47.485     47.683 
      level4_13              2     0.198     47.485     47.683 
      level4_14              2     0.198     47.485     47.683 
      level4_15              2     0.198     47.485     47.683 
      level4_16              2     0.198     47.485     47.683 
      level4_12              2     0.198     44.064     44.262 
      level5_09              1     0.117     26.511     26.628 
      level5_10              1     0.117     26.511     26.628 
      level5_11              1     0.117     26.511     26.628 
      level5_12              1     0.117     26.511     26.628 
      level5_13              1     0.117     26.511     26.628 
      level5_14              1     0.117     26.511     26.628 
      level5_15              1     0.117     26.511     26.628 
      level5_16              1     0.117     26.511     26.628 
      level5_01              1     0.115     26.959     27.073 
      level5_02              1     0.115     26.959     27.073 
      level5_03              1     0.115     26.959     27.073 
      level5_04              1     0.115     26.959     27.073 
      level5_05              1     0.115     26.959     27.073 
      level5_06              1     0.115     26.959     27.073 
      level5_07              1     0.115     26.959     27.073 
      level5_08              1     0.112     11.592     11.704 
      level4_08              1     0.099     22.876     22.974 
      level4_02              1     0.097     22.539     22.636 
      level4_03              1     0.097     22.539     22.636 
      level4_04              1     0.097     22.539     22.636 
      level4_05              1     0.097     22.539     22.636 
      level4_06              1     0.097     22.539     22.636 
      level4_07              1     0.097     22.539     22.636 
    BS_MANTISSA_SHIFT      268    68.645  16743.346  16811.991 
      REV_level_AMOUNTFF     5     1.715    258.592    260.307 
      level1_AMOUNTFF        4     1.372    449.942    451.314 
      level2_AMOUNTFF        3     1.028    421.406    422.434 
      level3_AMOUNTFF        2     0.686    326.528    327.214 
      level1_dataOUT1        2     0.507    123.242    123.748 
        DFF                  1     0.343     95.981     96.324 
      level1_dataOUT2        2     0.507    123.242    123.748 
        DFF                  1     0.343     95.981     96.324 
      level1_dataOUT3        2     0.507    123.242    123.748 
        DFF                  1     0.343     95.981     96.324 
      level1_dataOUT4        2     0.507    123.242    123.748 
        DFF                  1     0.343     95.981     96.324 
      level1_dataOUT5        2     0.507    123.242    123.748 
        DFF                  1     0.343     95.981     96.324 
      level1_dataOUT6        2     0.507    123.242    123.748 
        DFF                  1     0.343     95.981     96.324 
      level1_dataOUT7        2     0.507    123.242    123.748 
        DFF                  1     0.343     95.981     96.324 
      level3_dataOUT12       2     0.500     75.589     76.089 
        DFF                  1     0.343     69.360     69.703 
      level3_dataOUT15       2     0.500     75.589     76.089 
        DFF                  1     0.343     69.360     69.703 
      level4_dataOUT18       2     0.500     43.853     44.353 
        DFF                  1     0.343     37.611     37.954 
      level5_dataOUT21       2     0.500     73.402     73.902 
        DFF                  1     0.343     67.154     67.497 
      level5_dataOUT17       2     0.500     89.895     90.395 
        DFF                  1     0.343     75.705     76.048 
      level3_dataOUT13       2     0.500     75.631     76.131 
        DFF                  1     0.343     69.360     69.703 
      level5_dataOUT18       2     0.500    131.036    131.536 
        DFF                  1     0.343     97.084     97.427 
      level3_dataOUT14       2     0.500     75.653     76.152 
        DFF                  1     0.343     69.360     69.703 
      level3_dataOUT6        2     0.499    133.152    133.652 
        DFF                  1     0.343     99.290     99.633 
      level4_dataOUT5        2     0.499    124.962    125.461 
        DFF                  1     0.343     95.014     95.357 
      level4_dataOUT7        2     0.499    133.171    133.670 
        DFF                  1     0.343     99.290     99.633 
      level4_dataOUT17       2     0.499    108.543    109.042 
        DFF                  1     0.343     86.463     86.806 
      level4_dataOUT19       2     0.499     75.552     76.051 
        DFF                  1     0.343     69.360     69.703 
      level3_dataOUT2        2     0.499    121.539    122.038 
        DFF                  1     0.343     91.705     92.048 
      level3_dataOUT5        2     0.499    124.944    125.443 
        DFF                  1     0.343     95.014     95.357 
      level3_dataOUT9        2     0.499    133.152    133.651 
        DFF                  1     0.343     99.290     99.633 
      level3_dataOUT18       2     0.498    124.724    125.221 
        DFF                  1     0.343     95.014     95.357 
      level2_dataOUT1        2     0.498    129.800    130.298 
        DFF                  1     0.343     95.981     96.324 
      level2_dataOUT10       2     0.498    133.108    133.605 
        DFF                  1     0.343     99.290     99.633 
      level2_dataOUT11       2     0.498    133.108    133.605 
        DFF                  1     0.343     99.290     99.633 
      level2_dataOUT12       2     0.498    133.108    133.605 
        DFF                  1     0.343     99.290     99.633 
      level2_dataOUT13       2     0.498    133.108    133.605 
        DFF                  1     0.343     99.290     99.633 
      level2_dataOUT14       2     0.498    133.108    133.605 
        DFF                  1     0.343     99.290     99.633 
      level2_dataOUT15       2     0.498    133.108    133.605 
        DFF                  1     0.343     99.290     99.633 
      level2_dataOUT2        2     0.498    112.169    112.667 
        DFF                  1     0.343     78.350     78.693 
      level2_dataOUT3        2     0.498    129.800    130.298 
        DFF                  1     0.343     95.981     96.324 
      level2_dataOUT4        2     0.498    129.800    130.298 
        DFF                  1     0.343     95.981     96.324 
      level2_dataOUT5        2     0.498    133.109    133.607 
        DFF                  1     0.343     99.290     99.633 
      level2_dataOUT6        2     0.498    126.760    127.257 
        DFF                  1     0.343     92.940     93.283 
      level2_dataOUT7        2     0.498    133.109    133.607 
        DFF                  1     0.343     99.290     99.633 
      level2_dataOUT8        2     0.498    133.109    133.607 
        DFF                  1     0.343     99.290     99.633 
      level2_dataOUT9        2     0.498    126.758    127.256 
        DFF                  1     0.343     92.940     93.283 
      level3_dataOUT1        2     0.498    129.837    130.334 
        DFF                  1     0.343     95.981     96.324 
      level3_dataOUT10       2     0.498    133.144    133.642 
        DFF                  1     0.343     99.290     99.633 
      level3_dataOUT11       2     0.498    133.144    133.642 
        DFF                  1     0.343     99.290     99.633 
      level3_dataOUT3        2     0.498    133.146    133.643 
        DFF                  1     0.343     99.290     99.633 
      level3_dataOUT7        2     0.498    126.794    127.292 
        DFF                  1     0.343     92.940     93.283 
      level4_dataOUT1        2     0.498    129.855    130.353 
        DFF                  1     0.343     95.981     96.324 
      level4_dataOUT10       2     0.498    133.163    133.660 
        DFF                  1     0.343     99.290     99.633 
      level4_dataOUT12       2     0.498    133.163    133.660 
        DFF                  1     0.343     99.290     99.633 
      level4_dataOUT13       2     0.498    133.163    133.660 
        DFF                  1     0.343     99.290     99.633 
      level4_dataOUT14       2     0.498    133.163    133.660 
        DFF                  1     0.343     99.290     99.633 
      level4_dataOUT15       2     0.498    133.163    133.660 
        DFF                  1     0.343     99.290     99.633 
      level4_dataOUT16       2     0.498    133.163    133.660 
        DFF                  1     0.343     99.290     99.633 
      level4_dataOUT3        2     0.498    133.163    133.660 
        DFF                  1     0.343     99.290     99.633 
      level4_dataOUT6        2     0.498    133.163    133.660 
        DFF                  1     0.343     99.290     99.633 
      level4_dataOUT8        2     0.498    133.163    133.660 
        DFF                  1     0.343     99.290     99.633 
      level5_dataOUT1        2     0.498    130.966    131.464 
        DFF                  1     0.343     97.084     97.427 
      level5_dataOUT10       2     0.498    130.965    131.462 
        DFF                  1     0.343     97.084     97.427 
      level5_dataOUT11       2     0.498    130.965    131.462 
        DFF                  1     0.343     97.084     97.427 
      level5_dataOUT12       2     0.498    130.965    131.462 
        DFF                  1     0.343     97.084     97.427 
      level5_dataOUT13       2     0.498    130.965    131.462 
        DFF                  1     0.343     97.084     97.427 
      level5_dataOUT14       2     0.498    130.965    131.462 
        DFF                  1     0.343     97.084     97.427 
      level5_dataOUT15       2     0.498    130.965    131.462 
        DFF                  1     0.343     97.084     97.427 
      level5_dataOUT16       2     0.498    130.965    131.462 
        DFF                  1     0.343     97.084     97.427 
      level5_dataOUT19       2     0.498    130.965    131.462 
        DFF                  1     0.343     97.084     97.427 
      level5_dataOUT2        2     0.498    130.965    131.462 
        DFF                  1     0.343     97.084     97.427 
      level5_dataOUT20       2     0.498    130.965    131.462 
        DFF                  1     0.343     97.084     97.427 
      level5_dataOUT3        2     0.498    130.965    131.462 
        DFF                  1     0.343     97.084     97.427 
      level5_dataOUT4        2     0.498    130.965    131.462 
        DFF                  1     0.343     97.084     97.427 
      level5_dataOUT5        2     0.498    130.965    131.462 
        DFF                  1     0.343     97.084     97.427 
      level5_dataOUT6        2     0.498    130.965    131.462 
        DFF                  1     0.343     97.084     97.427 
      level5_dataOUT7        2     0.498    130.965    131.462 
        DFF                  1     0.343     97.084     97.427 
      level5_dataOUT8        2     0.498    130.965    131.462 
        DFF                  1     0.343     97.084     97.427 
      level5_dataOUT9        2     0.498    130.965    131.462 
        DFF                  1     0.343     97.084     97.427 
      level3_dataOUT4        2     0.497    101.397    101.894 
        DFF                  1     0.343     67.541     67.884 
      level3_dataOUT8        2     0.497    133.144    133.641 
        DFF                  1     0.343     99.290     99.633 
      level4_dataOUT21       2     0.497     75.529     76.026 
        DFF                  1     0.343     69.360     69.703 
      level3_dataOUT17       2     0.497    108.238    108.735 
        DFF                  1     0.343     86.463     86.806 
      level3_dataOUT16       2     0.497     75.474     75.970 
        DFF                  1     0.343     69.360     69.703 
      level3_dataOUT19       2     0.497     56.425     56.921 
        DFF                  1     0.343     50.311     50.654 
      level4_dataOUT20       2     0.497     75.486     75.983 
        DFF                  1     0.343     69.360     69.703 
      level5_dataOUT22       2     0.497     73.286     73.783 
        DFF                  1     0.343     67.154     67.497 
      level4_dataOUT9        2     0.496    133.162    133.658 
        DFF                  1     0.343     99.290     99.633 
      level4_dataOUT2        2     0.496    133.272    133.768 
        DFF                  1     0.343     99.290     99.633 
      level4_dataOUT11       2     0.496    133.162    133.658 
        DFF                  1     0.343     99.290     99.632 
      level4_dataOUT4        2     0.496     92.061     92.557 
        DFF                  1     0.343     77.911     78.254 
      level1_dataOUT10       2     0.448    133.434    133.883 
        DFF                  1     0.343     99.290     99.633 
      level1_dataOUT11       2     0.448    133.434    133.883 
        DFF                  1     0.343     99.290     99.633 
      level1_dataOUT12       2     0.448    133.434    133.883 
        DFF                  1     0.343     99.290     99.633 
      level1_dataOUT13       2     0.448    133.434    133.883 
        DFF                  1     0.343     99.290     99.633 
      level1_dataOUT14       2     0.448    133.434    133.883 
        DFF                  1     0.343     99.290     99.633 
      level1_dataOUT15       2     0.448    133.434    133.883 
        DFF                  1     0.343     99.290     99.633 
      level1_dataOUT16       2     0.448    133.434    133.883 
        DFF                  1     0.343     99.290     99.633 
      level1_dataOUT17       2     0.448    133.461    133.910 
        DFF                  1     0.343     99.290     99.633 
      level1_dataOUT18       2     0.448    133.461    133.910 
        DFF                  1     0.343     99.290     99.633 
      level1_dataOUT19       2     0.448    133.461    133.910 
        DFF                  1     0.343     99.290     99.633 
      level1_dataOUT20       2     0.448    133.461    133.910 
        DFF                  1     0.343     99.290     99.633 
      level1_dataOUT21       2     0.448    133.461    133.910 
        DFF                  1     0.343     99.290     99.633 
      level1_dataOUT22       2     0.448    133.461    133.910 
        DFF                  1     0.343     99.290     99.633 
      level1_dataOUT23       2     0.448    133.461    133.910 
        DFF                  1     0.343     99.290     99.633 
      level1_dataOUT8        2     0.448    130.125    130.574 
        DFF                  1     0.343     95.981     96.324 
      level1_dataOUT9        2     0.448    133.434    133.883 
        DFF                  1     0.343     99.290     99.633 
      level2_dataOUT16       2     0.444     33.200     33.644 
        DFF                  1     0.343     24.912     25.255 
      level2_dataOUT17       2     0.444     58.599     59.043 
        DFF                  1     0.343     50.311     50.654 
      level2_dataOUT18       2     0.444     71.298     71.742 
        DFF                  1     0.343     63.010     63.353 
      level2_dataOUT19       2     0.444     33.200     33.644 
        DFF                  1     0.343     24.912     25.255 
      level2_dataOUT20       2     0.444     33.200     33.644 
        DFF                  1     0.343     24.912     25.255 
      level2_dataOUT21       2     0.444     33.200     33.644 
        DFF                  1     0.343     24.912     25.255 
      level2_dataOUT22       2     0.444     58.599     59.043 
        DFF                  1     0.343     50.311     50.654 
      level2_dataOUT23       2     0.444     33.200     33.644 
        DFF                  1     0.343     24.912     25.255 
      level3_dataOUT22       2     0.433     59.280     59.713 
        DFF                  1     0.343     42.015     42.358 
      level4_dataOUT23       2     0.431     60.269     60.701 
        DFF                  1     0.343     42.015     42.358 
      level3_dataOUT20       2     0.430     24.941     25.371 
        DFF                  1     0.343     24.912     25.255 
      level3_dataOUT21       2     0.430     24.941     25.371 
        DFF                  1     0.343     24.912     25.255 
      level3_dataOUT23       2     0.430     50.340     50.770 
        DFF                  1     0.343     50.311     50.654 
      level4_dataOUT22       2     0.430     24.941     25.371 
        DFF                  1     0.343     24.912     25.255 
      level5_dataOUT23       2     0.430     24.941     25.371 
        DFF                  1     0.343     24.912     25.255 
      DATA_REV1              1     0.343     95.981     96.323 
        DFF                  1     0.343     95.981     96.323 
      DATA_REV10             1     0.343     95.981     96.323 
        DFF                  1     0.343     95.981     96.323 
      DATA_REV11             1     0.343     95.981     96.323 
        DFF                  1     0.343     95.981     96.323 
      DATA_REV12             1     0.343     95.981     96.323 
        DFF                  1     0.343     95.981     96.323 
      DATA_REV13             1     0.343     95.981     96.323 
        DFF                  1     0.343     95.981     96.323 
      DATA_REV14             1     0.343     95.981     96.323 
        DFF                  1     0.343     95.981     96.323 
      DATA_REV15             1     0.343     95.981     96.323 
        DFF                  1     0.343     95.981     96.323 
      DATA_REV16             1     0.343     95.981     96.323 
        DFF                  1     0.343     95.981     96.323 
      DATA_REV17             1     0.343     99.290     99.632 
        DFF                  1     0.343     99.290     99.632 
      DATA_REV18             1     0.343     99.290     99.632 
        DFF                  1     0.343     99.290     99.632 
      DATA_REV19             1     0.343     99.290     99.632 
        DFF                  1     0.343     99.290     99.632 
      DATA_REV2              1     0.343     95.981     96.323 
        DFF                  1     0.343     95.981     96.323 
      DATA_REV20             1     0.343     99.290     99.632 
        DFF                  1     0.343     99.290     99.632 
      DATA_REV21             1     0.343     99.290     99.632 
        DFF                  1     0.343     99.290     99.632 
      DATA_REV22             1     0.343     99.290     99.632 
        DFF                  1     0.343     99.290     99.632 
      DATA_REV23             1     0.343     99.290     99.632 
        DFF                  1     0.343     99.290     99.632 
      DATA_REV3              1     0.343     95.981     96.323 
        DFF                  1     0.343     95.981     96.323 
      DATA_REV4              1     0.343     95.981     96.323 
        DFF                  1     0.343     95.981     96.323 
      DATA_REV5              1     0.343     95.981     96.323 
        DFF                  1     0.343     95.981     96.323 
      DATA_REV6              1     0.343     95.981     96.323 
        DFF                  1     0.343     95.981     96.323 
      DATA_REV7              1     0.343     95.981     96.323 
        DFF                  1     0.343     95.981     96.323 
      DATA_REV8              1     0.343     95.981     96.323 
        DFF                  1     0.343     95.981     96.323 
      DATA_REV9              1     0.343     95.981     96.323 
        DFF                  1     0.343     95.981     96.323 
      level4_AMOUNTFF        1     0.343    231.651    231.993 
    PA_MANTISSA_COMP       133    24.335   2542.320   2566.655 
      layer01_gOutL1_FF     12     4.116    371.113    375.229 
      layer01_aOutL1_FF     11     3.768    274.030    277.798 
      layer02_gOutL2_FF      6     2.058    406.398    408.456 
      layer02_aOutL2_FF      5     1.713    336.872    338.585 
      layer03_gOutL3_FF      3     1.028    285.736    286.765 
      layer03_aOutL3_FF      2     0.686    175.433    176.119 
      layer03_CARRY_FF       1     0.343     90.104     90.446 
      layer04_aOutL4_FF      1     0.343     95.981     96.323 
      layer04_gOutL4_FF      1     0.343     94.878     95.221 
      layer04_CARRY_FF       1     0.343    113.084    113.426 
      layer01_CARRY_FF       1     0.343     24.912     25.254 
      layer02_CARRY_FF       1     0.343     66.051     66.393 
      level1_02              2     0.225      0.000      0.225 
      level1_03              2     0.225      0.000      0.225 
      level1_04              2     0.225      0.000      0.225 
      level1_05              2     0.225      0.000      0.225 
      level1_06              2     0.225      0.000      0.225 
      level1_07              2     0.225      0.000      0.225 
      level1_08              2     0.225      0.000      0.225 
      level1_09              2     0.225      0.000      0.225 
      level1_10              2     0.225      0.000      0.225 
      level1_11              2     0.225      0.000      0.225 
      level1_12              2     0.225      0.000      0.225 
      level2_04              2     0.225      0.000      0.225 
      level2_06              2     0.225      0.000      0.225 
      level2_08              2     0.225      0.000      0.225 
      level2_10              2     0.225      0.000      0.225 
      level2_12              2     0.225      0.000      0.225 
      level3_08              2     0.204     47.100     47.303 
      level3_12              2     0.203     46.871     47.074 
      level4_08              1     0.121     37.274     37.395 
      level3_04              1     0.115     24.764     24.879 
      level5_16              1     0.115     24.764     24.879 
      level2_02              1     0.099      0.000      0.099 
      level1_01              1     0.098      0.000      0.098 
      level4_16              1     0.097     22.539     22.636 
    PE_MANTISSA_DIFF       109    21.612   4450.864   4472.476 
      IN_FF                 24     8.231   1794.581   1802.812 
      level1_FF             12     4.115   1007.759   1011.874 
      level2_FF              6     2.057    548.297    550.354 
      level3_FF              2     0.686    210.440    211.126 
      level4_FF              2     0.685    184.786    185.471 
    PA_EXP_NORM             72    17.414   3121.283   3138.697 
      level01_P_FF           8     2.742    603.426    606.168 
      level02_P_FF           8     2.741    647.023    649.764 
      level01_G_FF           3     1.029    175.734    176.762 
      layer01_gOutL1_FF      3     1.028    257.697    258.725 
      layer02_CARRY_FF       3     1.028    176.867    177.895 
      layer02_gOutL2_FF      2     0.686    189.756    190.441 
      layer01_aOutL1_FF      2     0.685     71.705     72.390 
      level01_A_FF           2     0.685     58.375     59.060 
      level02_G_FF           1     0.343     59.228     59.571 
      layer02_gOutL1_FF      1     0.343     94.878     95.220 
      layer02_aOutL1_FF      1     0.343     45.217     45.560 
      layer02_aOutL2_FF      1     0.343     46.163     46.505 
      layer01_CARRY_FF       1     0.343     24.912     25.254 
      level02_A_FF           1     0.343     66.051     66.393 
      level1_02              2     0.228     36.065     36.293 
      level1_03              2     0.216     20.203     20.419 
      level3_01              1     0.117     34.937     35.054 
      level3_02              1     0.113     26.747     26.859 
      level3_03              1     0.113     26.746     26.859 
      level3_04              1     0.113     26.746     26.859 
      level2_01              1     0.099      0.000      0.099 
      level2_02              1     0.099      0.000      0.099 
      level1_04              1     0.097     22.548     22.644 
      level2_03              1     0.097     22.547     22.643 
      level2_04              1     0.097     22.547     22.643 
      level1_01              1     0.093      0.130      0.224 
    MANTISSA_DIFF_FF        24     8.231    999.984   1008.215 
    level1_MANTISSB_FF      24     8.226   2330.005   2338.232 
    level2_MANTISSB_FF      24     8.226   2330.007   2338.234 
    level3_MANTISSB_FF      24     8.226   2330.007   2338.234 
    level4_MANTISSB_FF      24     8.226   2330.007   2338.234 
    level5_MANTISSB_FF      24     8.226   2382.952   2391.178 
    SWAP_MANTISSB_FF        24     8.226   2225.595   2233.821 
    SWAP_MANTISSA_FF        24     8.226   2349.970   2358.196 
    level12_MANTISSA_FF     23     7.888   1724.117   1732.005 
    level13_MANTISSA_FF     23     7.884   2232.924   2240.807 
    level1_MANTISSA_FF      23     7.884   2232.925   2240.808 
    level2_MANTISSA_FF      23     7.884   2232.924   2240.807 
    level3_MANTISSA_FF      23     7.884   2232.924   2240.807 
    level4_MANTISSA_FF      23     7.884   2232.924   2240.807 
    level5_MANTISSA_FF      23     7.884   2283.662   2291.546 
    MUX_MANTISSA            24     3.465    801.698    805.162 
      MUX0                   1     0.147     34.038     34.184 
      MUX1                   1     0.147     34.038     34.184 
      MUX10                  1     0.147     34.038     34.184 
      MUX11                  1     0.147     34.038     34.184 
      MUX12                  1     0.147     34.038     34.184 
      MUX13                  1     0.147     34.038     34.184 
      MUX14                  1     0.147     34.038     34.184 
      MUX15                  1     0.147     34.038     34.184 
      MUX16                  1     0.147     34.038     34.184 
      MUX17                  1     0.147     34.038     34.184 
      MUX18                  1     0.147     34.038     34.184 
      MUX19                  1     0.147     34.038     34.184 
      MUX2                   1     0.147     34.038     34.184 
      MUX20                  1     0.147     34.038     34.184 
      MUX21                  1     0.147     34.038     34.184 
      MUX22                  1     0.147     34.038     34.184 
      MUX3                   1     0.147     34.038     34.184 
      MUX4                   1     0.147     34.038     34.184 
      MUX5                   1     0.147     34.038     34.184 
      MUX6                   1     0.147     34.038     34.184 
      MUX7                   1     0.147     34.038     34.184 
      MUX8                   1     0.147     34.038     34.184 
      MUX9                   1     0.147     34.038     34.184 
      MUX23                  1     0.094     18.835     18.929 
    MUX_MANTISSB            24     3.450    804.145    807.595 
      MUX0                   1     0.147     34.038     34.184 
      MUX1                   1     0.147     34.038     34.184 
      MUX10                  1     0.147     34.038     34.184 
      MUX11                  1     0.147     34.038     34.184 
      MUX12                  1     0.147     34.038     34.184 
      MUX13                  1     0.147     34.038     34.184 
      MUX14                  1     0.147     34.038     34.184 
      MUX15                  1     0.147     34.038     34.184 
      MUX16                  1     0.147     34.038     34.184 
      MUX17                  1     0.147     34.038     34.184 
      MUX18                  1     0.147     34.038     34.184 
      MUX19                  1     0.147     34.038     34.184 
      MUX2                   1     0.147     34.038     34.184 
      MUX20                  1     0.147     34.038     34.184 
      MUX21                  1     0.147     34.038     34.184 
      MUX22                  1     0.147     34.038     34.184 
      MUX3                   1     0.147     34.038     34.184 
      MUX4                   1     0.147     34.038     34.184 
      MUX5                   1     0.147     34.038     34.184 
      MUX6                   1     0.147     34.038     34.184 
      MUX7                   1     0.147     34.038     34.184 
      MUX8                   1     0.147     34.038     34.184 
      MUX9                   1     0.147     34.038     34.184 
      MUX23                  1     0.079     21.283     21.361 
    level16_exponentFF       8     2.743    487.467    490.210 
    level17_exponentFF       8     2.743    686.880    689.622 
    SWAP_EXPONENT_FF         8     2.742    770.635    773.377 
    level10_EXPONENT_FF      8     2.742    776.669    779.411 
    level11_EXPONENT_FF      8     2.742    776.669    779.411 
    level12_EXPONENT_FF      8     2.742    776.669    779.411 
    level13_EXPONENT_FF      8     2.742    804.245    806.987 
    level1_EXPONENT_FF       8     2.742    776.670    779.413 
    level2_EXPONENT_FF       8     2.742    776.669    779.411 
    level3_EXPONENT_FF       8     2.742    776.669    779.411 
    level4_EXPONENT_FF       8     2.742    776.669    779.411 
    level5_EXPONENT_FF       8     2.742    776.669    779.411 
    level8_EXPONENT_FF       8     2.742    776.669    779.411 
    level9_EXPONENT_FF       8     2.742    776.669    779.411 
    level18_exponentFF       8     2.742    776.669    779.411 
    level19_exponentFF       8     2.742    776.669    779.411 
    level7_EXPONENT_FF       8     2.742    772.393    775.136 
    MANTISSA_NORM_FF         5     1.715    207.105    208.820 
    level1_SIGN_FF           2     0.686    194.167    194.853 
    level2_SIGN_FF           2     0.686    194.167    194.853 
    level3_SIGN_FF           2     0.686    194.167    194.853 
    level4_SIGN_FF           2     0.686    194.167    194.853 
    level5_SIGN_FF           2     0.686    191.961    192.647 
    AgB_FF                   1     0.343    336.862    337.205 
    SIGN_FF                  1     0.343     97.084     97.427 
    level10_SIGN_FF          1     0.343     97.084     97.426 
    level11_SIGN_FF          1     0.343     97.084     97.426 
    level12_SIGN_FF          1     0.343     97.084     97.426 
    level13_SIGN_FF          1     0.343     97.084     97.426 
    level14_SIGN_FF          1     0.343     97.084     97.426 
    level15_SIGN_FF          1     0.343     97.084     97.426 
    level16_SIGN_FF          1     0.343     97.084     97.426 
    level17_SIGN_FF          1     0.343     97.084     97.426 
    level18_SIGN_FF          1     0.343     97.084     97.426 
    level19_SIGN_FF          1     0.343     97.084     97.426 
    level7_SIGN_FF           1     0.343     97.084     97.426 
    level8_SIGN_FF           1     0.343     97.084     97.426 
    level9_SIGN_FF           1     0.343     97.084     97.426 
    MUX_SIGN                 1     0.147     34.040     34.187 
  exp_balance              803   239.011  58413.503  58652.514 
    BSA                    278    70.773  15428.699  15499.472 
      REV_level_AMOUNTFF     5     1.714    513.655    515.369 
      level1_AMOUNTFF        4     1.371    520.696    522.067 
      level2_AMOUNTFF        3     1.028    428.024    429.052 
      level3_AMOUNTFF        2     0.686    333.146    333.832 
      level2_dataOUT15       2     0.503    133.967    134.470 
        DFF                  1     0.343     99.290     99.633 
      level2_dataOUT14       2     0.501    125.172    125.673 
        DFF                  1     0.343     95.014     95.357 
      level2_dataOUT10       2     0.500     72.290     72.791 
        DFF                  1     0.343     66.051     66.394 
      level2_dataOUT11       2     0.500     72.290     72.791 
        DFF                  1     0.343     66.051     66.394 
      level2_dataOUT12       2     0.500     75.599     76.100 
        DFF                  1     0.343     69.360     69.703 
      level2_dataOUT13       2     0.500     75.599     76.100 
        DFF                  1     0.343     69.360     69.703 
      level2_dataOUT8        2     0.500     72.290     72.791 
        DFF                  1     0.343     66.051     66.394 
      level2_dataOUT9        2     0.500     72.290     72.791 
        DFF                  1     0.343     66.051     66.394 
      level4_dataOUT26       2     0.500     75.636     76.136 
        DFF                  1     0.343     69.360     69.703 
      level4_dataOUT27       2     0.500     56.587     57.087 
        DFF                  1     0.343     50.311     50.654 
      level3_dataOUT21       2     0.500     69.295     69.795 
        DFF                  1     0.343     63.010     63.353 
      level3_dataOUT23       2     0.500     75.644     76.145 
        DFF                  1     0.343     69.360     69.703 
      level5_dataOUT29       2     0.500    106.385    106.885 
        DFF                  1     0.343     84.257     84.600 
      level5_dataOUT26       2     0.499    106.390    106.889 
        DFF                  1     0.343     84.257     84.600 
      level4_dataOUT19       2     0.499    108.573    109.072 
        DFF                  1     0.343     86.463     86.806 
      level4_dataOUT18       2     0.499    125.010    125.509 
        DFF                  1     0.343     95.014     95.357 
      level3_dataOUT12       2     0.499    108.557    109.056 
        DFF                  1     0.343     86.463     86.806 
      level4_dataOUT21       2     0.499    149.658    150.156 
        DFF                  1     0.343    107.841    108.184 
      level4_dataOUT20       2     0.499    133.221    133.720 
        DFF                  1     0.343     99.290     99.633 
      level5_dataOUT28       2     0.499    139.215    139.714 
        DFF                  1     0.343    101.359    101.702 
      level3_dataOUT18       2     0.499    133.194    133.693 
        DFF                  1     0.343     99.290     99.633 
      level3_dataOUT22       2     0.499    108.478    108.977 
        DFF                  1     0.343     86.463     86.806 
      level3_dataOUT16       2     0.499    157.718    158.217 
        DFF                  1     0.343    112.117    112.460 
      level5_dataOUT27       2     0.499     98.086     98.585 
        DFF                  1     0.343     79.981     80.324 
      level3_dataOUT8        2     0.499    129.886    130.385 
        DFF                  1     0.343     95.981     96.324 
      level3_dataOUT20       2     0.498     85.684     86.182 
        DFF                  1     0.343     71.562     71.904 
      level1_dataOUT10       2     0.498    129.732    130.229 
        DFF                  1     0.343     95.981     96.324 
      level1_dataOUT11       2     0.498    129.732    130.229 
        DFF                  1     0.343     95.981     96.324 
      level1_dataOUT12       2     0.498    129.732    130.229 
        DFF                  1     0.343     95.981     96.324 
      level1_dataOUT13       2     0.498    129.732    130.229 
        DFF                  1     0.343     95.981     96.324 
      level1_dataOUT14       2     0.498    123.855    124.352 
        DFF                  1     0.343     90.104     90.447 
      level1_dataOUT8        2     0.498    129.732    130.229 
        DFF                  1     0.343     95.981     96.324 
      level1_dataOUT9        2     0.498    129.732    130.229 
        DFF                  1     0.343     95.981     96.324 
      level3_dataOUT10       2     0.498    133.195    133.692 
        DFF                  1     0.343     99.290     99.633 
      level3_dataOUT11       2     0.498    133.195    133.692 
        DFF                  1     0.343     99.290     99.633 
      level3_dataOUT13       2     0.498    133.193    133.691 
        DFF                  1     0.343     99.290     99.633 
      level3_dataOUT14       2     0.498    133.193    133.691 
        DFF                  1     0.343     99.290     99.633 
      level3_dataOUT15       2     0.498    133.193    133.691 
        DFF                  1     0.343     99.290     99.633 
      level3_dataOUT17       2     0.498    133.193    133.691 
        DFF                  1     0.343     99.290     99.633 
      level3_dataOUT19       2     0.498    133.193    133.691 
        DFF                  1     0.343     99.290     99.633 
      level3_dataOUT9        2     0.498    129.886    130.383 
        DFF                  1     0.343     95.981     96.324 
      level4_dataOUT10       2     0.498    133.212    133.710 
        DFF                  1     0.343     99.290     99.633 
      level4_dataOUT11       2     0.498    133.212    133.710 
        DFF                  1     0.343     99.290     99.633 
      level4_dataOUT12       2     0.498    133.212    133.710 
        DFF                  1     0.343     99.290     99.633 
      level4_dataOUT13       2     0.498    133.212    133.710 
        DFF                  1     0.343     99.290     99.633 
      level4_dataOUT14       2     0.498    133.212    133.710 
        DFF                  1     0.343     99.290     99.633 
      level4_dataOUT15       2     0.498    133.212    133.710 
        DFF                  1     0.343     99.290     99.633 
      level4_dataOUT16       2     0.498    133.212    133.710 
        DFF                  1     0.343     99.290     99.633 
      level4_dataOUT17       2     0.498    133.212    133.710 
        DFF                  1     0.343     99.290     99.633 
      level4_dataOUT22       2     0.498    133.212    133.710 
        DFF                  1     0.343     99.290     99.633 
      level4_dataOUT23       2     0.498    133.212    133.710 
        DFF                  1     0.343     99.290     99.633 
      level4_dataOUT24       2     0.498    133.212    133.710 
        DFF                  1     0.343     99.290     99.633 
      level4_dataOUT25       2     0.498    133.212    133.710 
        DFF                  1     0.343     99.290     99.633 
      level4_dataOUT8        2     0.498    129.904    130.402 
        DFF                  1     0.343     95.981     96.324 
      level4_dataOUT9        2     0.498    133.213    133.711 
        DFF                  1     0.343     99.290     99.633 
      level5_dataOUT10       2     0.498    131.016    131.513 
        DFF                  1     0.343     97.084     97.427 
      level5_dataOUT11       2     0.498    131.016    131.513 
        DFF                  1     0.343     97.084     97.427 
      level5_dataOUT12       2     0.498    131.016    131.513 
        DFF                  1     0.343     97.084     97.427 
      level5_dataOUT13       2     0.498    131.016    131.513 
        DFF                  1     0.343     97.084     97.427 
      level5_dataOUT14       2     0.498    131.016    131.513 
        DFF                  1     0.343     97.084     97.427 
      level5_dataOUT15       2     0.498    131.016    131.513 
        DFF                  1     0.343     97.084     97.427 
      level5_dataOUT16       2     0.498    131.016    131.513 
        DFF                  1     0.343     97.084     97.427 
      level5_dataOUT17       2     0.498    131.016    131.513 
        DFF                  1     0.343     97.084     97.427 
      level5_dataOUT18       2     0.498    131.016    131.513 
        DFF                  1     0.343     97.084     97.427 
      level5_dataOUT19       2     0.498    131.016    131.513 
        DFF                  1     0.343     97.084     97.427 
      level5_dataOUT20       2     0.498    131.016    131.513 
        DFF                  1     0.343     97.084     97.427 
      level5_dataOUT21       2     0.498    131.016    131.513 
        DFF                  1     0.343     97.084     97.427 
      level5_dataOUT22       2     0.498    131.016    131.513 
        DFF                  1     0.343     97.084     97.427 
      level5_dataOUT23       2     0.498    131.016    131.513 
        DFF                  1     0.343     97.084     97.427 
      level5_dataOUT24       2     0.498    131.016    131.513 
        DFF                  1     0.343     97.084     97.427 
      level5_dataOUT25       2     0.498    131.016    131.513 
        DFF                  1     0.343     97.084     97.427 
      level5_dataOUT8        2     0.498    131.017    131.515 
        DFF                  1     0.343     97.084     97.427 
      level5_dataOUT9        2     0.498    131.016    131.513 
        DFF                  1     0.343     97.084     97.427 
      level5_dataOUT30       2     0.497     83.688     84.185 
        DFF                  1     0.343     69.671     70.014 
      level3_dataOUT27       2     0.497     91.866     92.363 
        DFF                  1     0.343     77.911     78.254 
      level3_dataOUT24       2     0.497     75.529     76.026 
        DFF                  1     0.343     69.360     69.703 
      level3_dataOUT25       2     0.497     91.849     92.346 
        DFF                  1     0.343     77.911     78.254 
      level3_dataOUT26       2     0.497     91.849     92.346 
        DFF                  1     0.343     77.911     78.254 
      level2_dataOUT16       2     0.497     69.134     69.630 
        DFF                  1     0.343     63.010     63.353 
      level2_dataOUT17       2     0.497     75.483     75.980 
        DFF                  1     0.343     69.360     69.703 
      level2_dataOUT18       2     0.497     75.483     75.980 
        DFF                  1     0.343     69.360     69.703 
      level2_dataOUT19       2     0.497     75.483     75.980 
        DFF                  1     0.343     69.360     69.703 
      level2_dataOUT20       2     0.497     69.134     69.630 
        DFF                  1     0.343     63.010     63.353 
      level2_dataOUT21       2     0.497     75.483     75.980 
        DFF                  1     0.343     69.360     69.703 
      level2_dataOUT22       2     0.497     75.483     75.980 
        DFF                  1     0.343     69.360     69.703 
      level2_dataOUT23       2     0.497     75.483     75.980 
        DFF                  1     0.343     69.360     69.703 
      level4_dataOUT28       2     0.497     75.521     76.017 
        DFF                  1     0.343     69.360     69.703 
      level4_dataOUT29       2     0.497     69.171     69.668 
        DFF                  1     0.343     63.010     63.353 
      level1_dataOUT17       2     0.444     33.185     33.630 
        DFF                  1     0.343     24.912     25.255 
      level1_dataOUT18       2     0.444     33.185     33.630 
        DFF                  1     0.343     24.912     25.255 
      level1_dataOUT19       2     0.444     33.185     33.630 
        DFF                  1     0.343     24.912     25.255 
      level1_dataOUT20       2     0.444     33.185     33.630 
        DFF                  1     0.343     24.912     25.255 
      level1_dataOUT21       2     0.444     33.185     33.630 
        DFF                  1     0.343     24.912     25.255 
      level1_dataOUT22       2     0.444     33.185     33.630 
        DFF                  1     0.343     24.912     25.255 
      level1_dataOUT23       2     0.444     33.185     33.630 
        DFF                  1     0.343     24.912     25.255 
      level1_dataOUT24       2     0.444     33.200     33.644 
        DFF                  1     0.343     24.912     25.255 
      level1_dataOUT25       2     0.444     33.200     33.644 
        DFF                  1     0.343     24.912     25.255 
      level1_dataOUT26       2     0.444     33.200     33.644 
        DFF                  1     0.343     24.912     25.255 
      level1_dataOUT27       2     0.444     33.200     33.644 
        DFF                  1     0.343     24.912     25.255 
      level1_dataOUT28       2     0.444     33.200     33.644 
        DFF                  1     0.343     24.912     25.255 
      level1_dataOUT29       2     0.444     33.200     33.644 
        DFF                  1     0.343     24.912     25.255 
      level1_dataOUT30       2     0.444     33.200     33.644 
        DFF                  1     0.343     24.912     25.255 
      level1_dataOUT15       2     0.439     77.506     77.946 
        DFF                  1     0.343     54.842     55.185 
      level1_dataOUT16       2     0.437     32.008     32.445 
        DFF                  1     0.343     24.912     25.255 
      level5_dataOUT31       2     0.431     42.295     42.726 
        DFF                  1     0.343     33.463     33.806 
      level3_dataOUT28       2     0.430     43.050     43.481 
        DFF                  1     0.343     33.463     33.806 
      level3_dataOUT31       2     0.430     43.050     43.481 
        DFF                  1     0.343     33.463     33.806 
      level2_dataOUT24       2     0.430     24.941     25.371 
        DFF                  1     0.343     24.912     25.255 
      level2_dataOUT25       2     0.430     37.641     38.071 
        DFF                  1     0.343     37.611     37.954 
      level2_dataOUT26       2     0.430     37.641     38.071 
        DFF                  1     0.343     37.611     37.954 
      level2_dataOUT27       2     0.430     37.641     38.071 
        DFF                  1     0.343     37.611     37.954 
      level2_dataOUT28       2     0.430     37.641     38.071 
        DFF                  1     0.343     37.611     37.954 
      level2_dataOUT29       2     0.430     24.941     25.371 
        DFF                  1     0.343     24.912     25.255 
      level2_dataOUT30       2     0.430     24.941     25.371 
        DFF                  1     0.343     24.912     25.255 
      level2_dataOUT31       2     0.430     37.641     38.071 
        DFF                  1     0.343     37.611     37.954 
      level3_dataOUT29       2     0.430     24.941     25.371 
        DFF                  1     0.343     24.912     25.255 
      level3_dataOUT30       2     0.430     24.941     25.371 
        DFF                  1     0.343     24.912     25.255 
      level4_dataOUT30       2     0.430     37.641     38.071 
        DFF                  1     0.343     37.611     37.954 
      level4_dataOUT31       2     0.430     37.641     38.071 
        DFF                  1     0.343     37.611     37.954 
      level1_dataOUT31       2     0.376     62.857     63.233 
        DFF                  1     0.343     54.842     55.185 
      DATA_REV16             1     0.343     85.828     86.171 
        DFF                  1     0.343     85.828     86.171 
      DATA_REV10             1     0.343     95.981     96.323 
        DFF                  1     0.343     95.981     96.323 
      DATA_REV11             1     0.343     95.981     96.323 
        DFF                  1     0.343     95.981     96.323 
      DATA_REV12             1     0.343     95.981     96.323 
        DFF                  1     0.343     95.981     96.323 
      DATA_REV13             1     0.343     95.981     96.323 
        DFF                  1     0.343     95.981     96.323 
      DATA_REV14             1     0.343     95.981     96.323 
        DFF                  1     0.343     95.981     96.323 
      DATA_REV15             1     0.343     95.981     96.323 
        DFF                  1     0.343     95.981     96.323 
      DATA_REV17             1     0.343     95.981     96.323 
        DFF                  1     0.343     95.981     96.323 
      DATA_REV18             1     0.343     95.981     96.323 
        DFF                  1     0.343     95.981     96.323 
      DATA_REV19             1     0.343     95.981     96.323 
        DFF                  1     0.343     95.981     96.323 
      DATA_REV20             1     0.343     95.981     96.323 
        DFF                  1     0.343     95.981     96.323 
      DATA_REV21             1     0.343     95.981     96.323 
        DFF                  1     0.343     95.981     96.323 
      DATA_REV22             1     0.343     95.981     96.323 
        DFF                  1     0.343     95.981     96.323 
      DATA_REV23             1     0.343     95.981     96.323 
        DFF                  1     0.343     95.981     96.323 
      DATA_REV24             1     0.343     99.290     99.632 
        DFF                  1     0.343     99.290     99.632 
      DATA_REV25             1     0.343     99.290     99.632 
        DFF                  1     0.343     99.290     99.632 
      DATA_REV26             1     0.343     99.290     99.632 
        DFF                  1     0.343     99.290     99.632 
      DATA_REV27             1     0.343     99.290     99.632 
        DFF                  1     0.343     99.290     99.632 
      DATA_REV28             1     0.343     99.290     99.632 
        DFF                  1     0.343     99.290     99.632 
      DATA_REV29             1     0.343     99.290     99.632 
        DFF                  1     0.343     99.290     99.632 
      DATA_REV30             1     0.343     99.290     99.632 
        DFF                  1     0.343     99.290     99.632 
      DATA_REV8              1     0.343     95.981     96.323 
        DFF                  1     0.343     95.981     96.323 
      DATA_REV9              1     0.343     95.981     96.323 
        DFF                  1     0.343     95.981     96.323 
      level4_AMOUNTFF        1     0.343    237.166    237.508 
    PA_exp_diff             80    19.673   1855.604   1875.277 
      level01_P_FF           8     2.740    199.294    202.035 
      level02_P_FF           8     2.740    527.304    530.044 
      layer01_gOutL1_FF      3     1.029     74.735     75.764 
      level01_G_FF           3     1.029     74.735     75.764 
      layer01_aOutL1_FF      3     1.028     74.735     75.763 
      layer02_CARRY_FF       3     1.028    176.867    177.895 
      level01_A_FF           3     1.028     74.735     75.763 
      layer02_gOutL2_FF      2     0.686    118.457    119.143 
      layer02_aOutL2_FF      2     0.685    132.102    132.787 
      layer02_gOutL1_FF      1     0.343     64.948     65.291 
      level02_G_FF           1     0.343     64.948     65.291 
      layer01_CARRY_FF       1     0.343     24.912     25.254 
      layer02_aOutL1_FF      1     0.343     24.912     25.254 
      level02_A_FF           1     0.343     66.051     66.393 
      level1_02              2     0.240      0.000      0.240 
      level1_03              2     0.240      0.000      0.240 
      level1_04              2     0.240      0.000      0.240 
      level2_03              2     0.240      0.000      0.240 
      level2_04              2     0.240      0.000      0.240 
      level3_04              1     0.115     26.967     27.082 
      level3_03              1     0.114     19.537     19.651 
      level3_01              1     0.113     27.268     27.381 
      level3_02              1     0.112     26.583     26.695 
      level2_01              1     0.099      0.000      0.099 
      level2_02              1     0.099      0.000      0.099 
      level1_01              1     0.078      0.000      0.078 
    shifted_EXP_FF          24     8.227   2295.802   2304.029 
    level1_mantissaB_FF     23     7.884   2222.613   2230.497 
    level2_mantissaB_FF     23     7.884   2222.613   2230.497 
    level3_mantissaB_FF     23     7.884   2222.613   2230.497 
    level10_mantissaA_FF    23     7.884   2232.924   2240.807 
    level7_mantissaA_FF     23     7.884   2232.924   2240.807 
    level8_mantissaA_FF     23     7.884   2232.924   2240.807 
    level9_mantissaA_FF     23     7.884   2232.924   2240.807 
    level1_mantissaA_FF     23     7.884   2160.752   2168.636 
    level2_mantissaA_FF     23     7.884   2160.752   2168.636 
    level3_mantissaA_FF     23     7.884   2160.752   2168.636 
    level4_mantissaA_FF     23     7.884   2160.752   2168.636 
    level5_mantissaA_FF     23     7.884   2160.752   2168.636 
    level6_mantissaA_FF     23     7.884   2202.994   2210.878 
    EXP_DIFF_DFF             8     2.743    358.535    361.278 
    level10_exponent_FF      8     2.742    776.669    779.411 
    level1_exponent_FF       8     2.742    776.669    779.411 
    level2_exponent_FF       8     2.742    776.669    779.411 
    level3_exponent_FF       8     2.742    776.669    779.411 
    level4_exponent_FF       8     2.742    776.669    779.411 
    level5_exponent_FF       8     2.742    776.669    779.411 
    level6_exponent_FF       8     2.742    776.669    779.411 
    level7_exponent_FF       8     2.742    776.669    779.411 
    level8_exponent_FF       8     2.742    776.669    779.411 
    level9_exponent_FF       8     2.742    776.669    779.411 
    level10_sign_FF          2     0.686    194.167    194.853 
    level1_sign_FF           2     0.686    194.167    194.853 
    level2_sign_FF           2     0.686    194.167    194.853 
    level3_sign_FF           2     0.686    194.167    194.853 
    level4_sign_FF           2     0.686    194.167    194.853 
    level5_sign_FF           2     0.686    194.167    194.853 
    level6_sign_FF           2     0.686    194.167    194.853 
    level7_sign_FF           2     0.686    194.167    194.853 
    level8_sign_FF           2     0.686    194.167    194.853 
    level9_sign_FF           2     0.686    194.167    194.853 
  FPSSAdder                584   159.503  36735.680  36895.182 
    PA_MANTISSA_SUM        410   109.982  26242.438  26352.420 
      layer01_P_FF          24     8.231    670.055    678.286 
      layer02_P_FF          24     8.231   1641.621   1649.853 
      layer04_P_FF          24     8.226   2350.964   2359.190 
      layer03_P_FF          24     8.226   2330.007   2338.234 
      layer04_CARRY_FF      15     5.141   1471.698   1476.839 
      layer01_G_FF          12     4.113   1151.768   1155.881 
      layer01_A_FF          11     3.770   1077.850   1081.620 
      layer01_aOutL1_FF     11     3.770   1110.936   1114.707 
      layer01_gOutL1_FF     11     3.770   1087.775   1091.546 
      layer02_aOutL2_FF     10     3.428    992.172    995.599 
      layer02_gOutL2_FF     10     3.428    972.635    976.062 
      layer03_aOutL3_FF      8     2.742    776.669    779.411 
      layer03_gOutL3_FF      8     2.742    772.569    775.311 
      layer03_CARRY_FF       7     2.399    706.058    708.457 
      layer02_G_FF           6     2.057    570.165    572.221 
      layer02_A_FF           5     1.714    464.589    466.303 
      layer02_aOutL1_FF      5     1.714    488.728    490.441 
      layer02_gOutL1_FF      5     1.714    478.801    480.515 
      layer04_aOutL3_FF      4     1.371    360.415    361.786 
      layer03_aOutL2_FF      4     1.371    386.129    387.500 
      layer03_gOutL2_FF      4     1.371    377.889    379.260 
      layer04_gOutL3_FF      4     1.371    369.516    370.887 
      layer02_CARRY_FF       3     1.028    304.487    305.515 
      layer03_G_FF           3     1.028    287.942    288.970 
      layer03_aOutL1_FF      2     0.686    193.064    193.750 
      layer03_gOutL1_FF      2     0.686    191.961    192.647 
      layer04_aOutL2_FF      2     0.686    191.961    192.647 
      layer04_gOutL2_FF      2     0.686    179.760    180.446 
      layer03_A_FF           2     0.685    175.962    176.647 
      layer01_CARRY_FF       1     0.343    103.702    104.044 
      layer04_A_FF           1     0.343     95.981     96.323 
      layer04_G_FF           1     0.343     94.878     95.220 
      layer04_aOutL1_FF      1     0.343     95.981     96.323 
      layer04_aOutL4_FF      1     0.343     78.350     78.692 
      layer04_gOutL1_FF      1     0.343     94.878     95.220 
      layer04_gOutL4_FF      1     0.343     94.878     95.221 
      level3_05              2     0.206     61.618     61.825 
      level1_02              2     0.204     47.108     47.311 
      level1_03              2     0.204     47.108     47.311 
      level1_04              2     0.204     47.108     47.311 
      level1_05              2     0.204     47.108     47.311 
      level1_06              2     0.204     47.108     47.311 
      level1_07              2     0.204     47.108     47.311 
      level1_08              2     0.204     47.108     47.311 
      level1_09              2     0.204     47.108     47.311 
      level1_10              2     0.204     47.108     47.311 
      level1_11              2     0.204     47.108     47.311 
      level1_12              2     0.204     47.108     47.311 
      level2_03              2     0.204     47.107     47.311 
      level2_04              2     0.204     47.107     47.311 
      level2_05              2     0.204     47.107     47.311 
      level2_06              2     0.204     47.107     47.311 
      level2_07              2     0.204     47.107     47.311 
      level2_08              2     0.204     47.107     47.311 
      level2_09              2     0.204     47.107     47.311 
      level2_10              2     0.204     47.107     47.311 
      level2_11              2     0.204     47.107     47.311 
      level2_12              2     0.204     47.107     47.311 
      level3_06              2     0.204     47.114     47.317 
      level3_07              2     0.204     47.114     47.317 
      level3_08              2     0.204     47.114     47.317 
      level3_09              2     0.204     47.114     47.317 
      level3_10              2     0.204     47.114     47.317 
      level3_11              2     0.204     47.114     47.317 
      level3_12              2     0.202     40.235     40.437 
      level5_08              1     0.116     26.365     26.481 
      level5_09              1     0.116     24.159     24.276 
      level3_03              1     0.116     24.425     24.540 
      level5_05              1     0.116     26.755     26.870 
      level2_01              1     0.115     24.763     24.878 
      level2_02              1     0.115     24.763     24.878 
      level3_01              1     0.115     24.761     24.876 
      level3_02              1     0.115     24.761     24.876 
      level3_04              1     0.115     24.761     24.876 
      level4_01              1     0.115     24.758     24.873 
      level4_02              1     0.115     24.758     24.873 
      level4_03              1     0.115     24.758     24.873 
      level4_04              1     0.115     24.758     24.873 
      level4_05              1     0.115     24.758     24.873 
      level4_06              1     0.115     24.758     24.873 
      level4_07              1     0.115     24.758     24.873 
      level4_08              1     0.115     24.758     24.873 
      level5_01              1     0.115     26.963     27.078 
      level5_02              1     0.115     26.963     27.078 
      level5_04              1     0.115     26.963     27.078 
      level5_06              1     0.115     26.963     27.078 
      level5_03              1     0.114     23.208     23.322 
      level5_07              1     0.113     22.945     23.057 
      level4_09              1     0.097     22.544     22.640 
    EXP_PLUS_1PA            49    12.489   3167.374   3179.863 
      level02_P_FF           8     2.742    763.071    765.813 
      level01_P_FF           8     2.742    776.670    779.412 
      layer02_CARRY_FF       3     1.029    244.869    245.898 
      layer01_aOutL1_FF      3     1.028    295.663    296.691 
      level01_A_FF           3     1.028    289.046    290.074 
      layer02_aOutL2_FF      2     0.686    162.576    163.262 
      layer01_CARRY_FF       1     0.343    103.702    104.044 
      layer02_aOutL1_FF      1     0.343     78.350     78.692 
      level02_A_FF           1     0.343     95.981     96.323 
      level1_02              1     0.089     22.361     22.450 
      level1_03              1     0.089     22.361     22.450 
      level1_04              1     0.089     22.361     22.450 
      level2_03              1     0.089     22.345     22.434 
      level2_04              1     0.089     22.345     22.434 
      level2_01              1     0.089     19.158     19.246 
      level2_02              1     0.089     19.158     19.246 
      level3_01              1     0.086      0.039      0.125 
      level3_02              1     0.082      0.022      0.104 
      level3_03              1     0.082      0.022      0.104 
      level3_04              1     0.081      0.028      0.109 
    MANTISSA_SUM_FF         24     8.231    947.670    955.901 
    MUX_MANTISSA_NORM       23     3.555    231.906    235.461 
      MUX0                   1     0.157      6.531      6.689 
      MUX10                  1     0.157      6.531      6.688 
      MUX13                  1     0.157      6.531      6.688 
      MUX12                  1     0.157     34.483     34.640 
      MUX8                   1     0.157     34.483     34.640 
      MUX9                   1     0.155     34.290     34.445 
      MUX1                   1     0.154      6.415      6.569 
      MUX11                  1     0.154      6.415      6.569 
      MUX14                  1     0.154      6.415      6.569 
      MUX15                  1     0.154      6.415      6.569 
      MUX16                  1     0.154      6.415      6.569 
      MUX17                  1     0.154      6.415      6.569 
      MUX18                  1     0.154      6.415      6.569 
      MUX19                  1     0.154      6.415      6.569 
      MUX2                   1     0.154      6.415      6.569 
      MUX20                  1     0.154      6.415      6.569 
      MUX21                  1     0.154      6.415      6.569 
      MUX22                  1     0.154      6.415      6.569 
      MUX3                   1     0.154      6.415      6.569 
      MUX4                   1     0.154      6.415      6.569 
      MUX5                   1     0.154      6.415      6.569 
      MUX6                   1     0.154      6.415      6.569 
      MUX7                   1     0.154      6.415      6.569 
    level4_EXP_PLUS_1FF      8     2.743    415.810    418.553 
    level5_EXP_PLUS_1FF      8     2.743    412.501    415.244 
    level3_EXP_PLUS_1FF      8     2.742    552.633    555.375 
    level1_EXP_FF            8     2.742    776.670    779.413 
    level2_EXP_FF            8     2.742    770.635    773.377 
    level3_EXP_FF            8     2.742    772.393    775.136 
    level4_EXP_FF            8     2.742    776.669    779.411 
    level5_EXP_FF            8     2.742    767.845    770.587 
    EXP_MUX                  8     1.250    135.534    136.785 
      MUX1                   1     0.157      6.531      6.689 
      MUX3                   1     0.157      6.531      6.689 
      MUX4                   1     0.157      6.531      6.689 
      MUX5                   1     0.157      6.531      6.689 
      MUX7                   1     0.157      6.531      6.689 
      MUX0                   1     0.155     34.292     34.447 
      MUX2                   1     0.155     34.292     34.447 
      MUX6                   1     0.155     34.292     34.447 
    MANTISSA_COUT_FF         1     0.343    280.183    280.526 
    level1_SIGN_FF           1     0.343     97.084     97.426 
    level2_SIGN_FF           1     0.343     97.084     97.426 
    level3_SIGN_FF           1     0.343     97.084     97.426 
    level4_SIGN_FF           1     0.343     97.084     97.426 
    level5_SIGN_FF           1     0.343     97.084     97.426 
  comp_swap                308    84.016  22410.118  22494.134 
    level1_A_FF             32    10.969   3096.402   3107.370 
    level2_A_FF             32    10.969   3096.366   3107.335 
    level3_A_FF             32    10.969   3172.993   3183.962 
    level1_B_FF             32    10.969   3106.720   3117.688 
    level2_B_FF             32    10.969   3106.677   3117.645 
    level3_B_FF             32    10.969   3177.269   3188.237 
    PA_exp_diff             42     7.639    864.370    872.009 
      layer01_gOutL1_FF      3     1.029    114.716    115.745 
      layer01_aOutL1_FF      3     1.028    154.355    155.383 
      layer02_gOutL2_FF      1     0.343     64.948     65.291 
      level01_G_FF           1     0.343     24.912     25.255 
      level02_G_FF           1     0.343     59.228     59.571 
      layer02_CARRY_FF       1     0.343     95.981     96.323 
      layer01_CARRY_FF       1     0.343     24.912     25.254 
      layer02_aOutL2_FF      1     0.343     66.051     66.393 
      level01_A_FF           1     0.343     24.912     25.254 
      level02_A_FF           1     0.343     66.051     66.393 
      level1_03              2     0.240      0.000      0.240 
      level1_04              2     0.240      0.000      0.240 
      level1_02              2     0.229     43.434     43.663 
      level2_04              2     0.225      0.000      0.225 
      carry_out              1     0.116     32.004     32.120 
      level2_02              1     0.116     24.852     24.967 
      level3_04              1     0.115     23.661     23.776 
      level1_01              1     0.078      0.000      0.078 
    MUX_EXPLARGE            32     4.955   1107.613   1112.568 
      MUX0                   1     0.155     34.613     34.768 
      MUX1                   1     0.155     34.613     34.768 
      MUX10                  1     0.155     34.613     34.768 
      MUX11                  1     0.155     34.613     34.768 
      MUX12                  1     0.155     34.613     34.768 
      MUX13                  1     0.155     34.613     34.768 
      MUX14                  1     0.155     34.613     34.768 
      MUX15                  1     0.155     34.613     34.768 
      MUX16                  1     0.155     34.613     34.768 
      MUX17                  1     0.155     34.613     34.768 
      MUX18                  1     0.155     34.613     34.768 
      MUX19                  1     0.155     34.613     34.768 
      MUX2                   1     0.155     34.613     34.768 
      MUX20                  1     0.155     34.613     34.768 
      MUX21                  1     0.155     34.613     34.768 
      MUX22                  1     0.155     34.613     34.768 
      MUX23                  1     0.155     34.613     34.768 
      MUX24                  1     0.155     34.613     34.768 
      MUX25                  1     0.155     34.613     34.768 
      MUX26                  1     0.155     34.613     34.768 
      MUX27                  1     0.155     34.613     34.768 
      MUX28                  1     0.155     34.613     34.768 
      MUX29                  1     0.155     34.613     34.768 
      MUX3                   1     0.155     34.613     34.768 
      MUX30                  1     0.155     34.613     34.768 
      MUX31                  1     0.155     34.613     34.768 
      MUX4                   1     0.155     34.613     34.768 
      MUX5                   1     0.155     34.613     34.768 
      MUX6                   1     0.155     34.613     34.768 
      MUX7                   1     0.155     34.613     34.768 
      MUX8                   1     0.155     34.613     34.768 
      MUX9                   1     0.155     34.613     34.768 
    MUX_EXPSMALL            32     4.953   1100.174   1105.128 
      MUX0                   1     0.155     34.380     34.535 
      MUX1                   1     0.155     34.380     34.535 
      MUX10                  1     0.155     34.380     34.535 
      MUX11                  1     0.155     34.380     34.535 
      MUX12                  1     0.155     34.380     34.535 
      MUX13                  1     0.155     34.380     34.535 
      MUX14                  1     0.155     34.380     34.535 
      MUX15                  1     0.155     34.380     34.535 
      MUX16                  1     0.155     34.380     34.535 
      MUX17                  1     0.155     34.380     34.535 
      MUX18                  1     0.155     34.380     34.535 
      MUX19                  1     0.155     34.380     34.535 
      MUX2                   1     0.155     34.380     34.535 
      MUX20                  1     0.155     34.380     34.535 
      MUX21                  1     0.155     34.380     34.535 
      MUX22                  1     0.155     34.380     34.535 
      MUX23                  1     0.155     34.380     34.535 
      MUX24                  1     0.155     34.380     34.535 
      MUX25                  1     0.155     34.380     34.535 
      MUX26                  1     0.155     34.380     34.535 
      MUX27                  1     0.155     34.380     34.535 
      MUX28                  1     0.155     34.380     34.535 
      MUX29                  1     0.155     34.380     34.535 
      MUX3                   1     0.155     34.380     34.535 
      MUX30                  1     0.155     34.380     34.535 
      MUX31                  1     0.155     34.380     34.535 
      MUX4                   1     0.155     34.380     34.535 
      MUX5                   1     0.155     34.380     34.535 
      MUX6                   1     0.155     34.380     34.535 
      MUX7                   1     0.155     34.380     34.535 
      MUX8                   1     0.155     34.380     34.535 
      MUX9                   1     0.155     34.380     34.535 
    exp_cout_FF              1     0.343    299.765    300.107 
  SUM_SS_FF                 32    10.974   2358.432   2369.406 
  SUM_DS_FF                 32    10.969   3000.312   3011.280 
  OUT_LARGE_FF              32    10.969   3129.517   3140.486 
  OUT_SMALL_FF              32    10.969   3082.999   3093.967 
  level22_SUMSS_FF          32    10.969   3106.677   3117.645 
  level23_SUMSS_FF          32    10.969   3106.677   3117.645 
  level24_SUMSS_FF          32    10.969   3106.677   3117.645 
  level25_SUMSS_FF          32    10.969   3106.677   3117.645 
  level26_SUMSS_FF          32    10.969   3106.677   3117.645 
  level27_SUMSS_FF          32    10.969   3106.677   3117.645 
  level28_SUMSS_FF          32    10.969   3106.677   3117.645 
  level29_SUMSS_FF          32    10.969   3106.677   3117.645 
  level30_SUMSS_FF          32    10.969   3106.677   3117.645 
  level31_SUMSS_FF          32    10.969   3106.677   3117.645 
  level32_SUMSS_FF          32    10.969   3106.677   3117.645 
  level33_SUMSS_FF          32    10.969   3106.677   3117.645 
  level34_SUMSS_FF          32    10.969   3106.677   3117.645 
  level35_SUMSS_FF          32    10.969   3071.380   3082.349 
  MANTISSB_FF               24     8.226   2593.626   2601.853 
  MANTISSA_FF               23     7.884   2537.352   2545.235 
  MUX_SUM                   32     4.956   1075.141   1080.097 
    MUX0                     1     0.157      6.566      6.723 
    MUX25                    1     0.155     38.300     38.455 
    MUX1                     1     0.155     34.343     34.497 
    MUX10                    1     0.155     34.343     34.497 
    MUX11                    1     0.155     34.343     34.497 
    MUX12                    1     0.155     34.343     34.497 
    MUX13                    1     0.155     34.343     34.497 
    MUX14                    1     0.155     34.343     34.497 
    MUX15                    1     0.155     34.343     34.497 
    MUX16                    1     0.155     34.343     34.497 
    MUX17                    1     0.155     34.343     34.497 
    MUX18                    1     0.155     34.343     34.497 
    MUX19                    1     0.155     34.343     34.497 
    MUX2                     1     0.155     34.343     34.497 
    MUX20                    1     0.155     34.343     34.497 
    MUX21                    1     0.155     34.343     34.497 
    MUX22                    1     0.155     34.343     34.497 
    MUX23                    1     0.155     34.343     34.497 
    MUX24                    1     0.155     34.343     34.497 
    MUX26                    1     0.155     34.343     34.497 
    MUX27                    1     0.155     34.343     34.497 
    MUX28                    1     0.155     34.343     34.497 
    MUX29                    1     0.155     34.343     34.497 
    MUX3                     1     0.155     34.343     34.497 
    MUX30                    1     0.155     34.343     34.497 
    MUX31                    1     0.155     34.343     34.497 
    MUX4                     1     0.155     34.343     34.497 
    MUX5                     1     0.155     34.343     34.497 
    MUX6                     1     0.155     34.343     34.497 
    MUX7                     1     0.155     34.343     34.497 
    MUX8                     1     0.155     34.343     34.497 
    MUX9                     1     0.155     34.343     34.497 
  EXPONENT_FF                8     2.742    882.558    885.300 
  SIGN_FF                    2     0.686    208.506    209.192 
  level16_signXOR_FF         1     0.343     24.912     25.255 
  level17_signXOR_FF         1     0.343     67.154     67.497 
  level18_signXOR_FF         1     0.343     97.084     97.426 
  level19_signXOR_FF         1     0.343     97.084     97.426 
  level20_signXOR_FF         1     0.343     97.084     97.426 
  level21_signXOR_FF         1     0.343     97.084     97.426 
  level22_signXOR_FF         1     0.343     97.084     97.426 
  level23_signXOR_FF         1     0.343     97.084     97.426 
  level24_signXOR_FF         1     0.343     97.084     97.426 
  level25_signXOR_FF         1     0.343     97.084     97.426 
  level26_signXOR_FF         1     0.343     97.084     97.426 
  level27_signXOR_FF         1     0.343     97.084     97.426 
  level28_signXOR_FF         1     0.343     97.084     97.426 
  level29_signXOR_FF         1     0.343     97.084     97.426 
  level30_signXOR_FF         1     0.343     97.084     97.426 
  level31_signXOR_FF         1     0.343     97.084     97.426 
  level32_signXOR_FF         1     0.343     97.084     97.426 
  level33_signXOR_FF         1     0.343     97.084     97.426 
  level34_signXOR_FF         1     0.343     97.084     97.426 
  level35_signXOR_FF         1     0.343    286.801    287.144 

