============================================================
  Generated by:           Genus(TM) Synthesis Solution GENUS15.23 - 15.20-s040_1
  Generated on:           Aug 21 2016  11:16:16 pm
  Module:                 processor
  Technology libraries:   fast_vdd1v0 1.0
                          abstract_models 
  Operating conditions:   PVT_1P1V_0C (balanced_tree)
  Wireload mode:          enclosed
  Area mode:              timing library
============================================================

                                 Leakage    Dynamic     Total   
         Instance         Cells Power(nW)  Power(nW)  Power(nW) 
----------------------------------------------------------------
fpm                        3183   842.300 189980.601 190822.902 
  mantissas_WM             2854   751.705 169500.618 170252.322 
    PS_finalFF              823   213.656  45554.211  45767.867 
      PA32_MSB_1            254    67.965  15470.409  15538.374 
        layer01_P_FF         16     5.485   1385.586   1391.071 
        layer02_P_FF         16     5.484   1540.511   1545.996 
        layer03_P_FF         16     5.484   1553.338   1558.823 
        layer04_P_FF         16     5.484   1584.222   1589.706 
        layer04_CARRY_FF     15     5.141   1433.833   1438.975 
        layer01_G_FF          7     2.400    234.242    236.643 
        layer01_gOutL1_FF     7     2.400    234.242    236.643 
        layer01_aOutL1_FF     7     2.400    675.024    677.424 
        layer01_A_FF          7     2.399    685.102    687.501 
        layer03_CARRY_FF      7     2.399    706.058    708.457 
        layer02_gOutL2_FF     6     2.058    407.335    409.393 
        layer02_aOutL2_FF     6     2.057    597.943    600.000 
        layer03_aOutL3_FF     4     1.371    383.922    385.293 
        layer03_gOutL3_FF     4     1.371    379.511    380.882 
        layer02_G_FF          3     1.029    197.050    198.079 
        layer02_gOutL1_FF     3     1.029     74.735     75.764 
        layer02_A_FF          3     1.028    292.354    293.382 
        layer02_CARRY_FF      3     1.028    304.487    305.515 
        layer02_aOutL1_FF     3     1.028    292.354    293.382 
        layer03_aOutL2_FF     2     0.686    191.961    192.647 
        layer03_gOutL2_FF     2     0.686    189.756    190.441 
        layer03_gOutL1_FF     1     0.343     64.948     65.291 
        layer01_CARRY_FF      1     0.343    103.702    104.045 
        layer03_A_FF          1     0.343     95.981     96.323 
        layer03_G_FF          1     0.343     94.878     95.220 
        layer03_aOutL1_FF     1     0.343     95.981     96.323 
        level1_08             2     0.219     21.266     21.485 
        level2_03             2     0.218     22.557     22.775 
        level2_04             2     0.218     22.557     22.775 
        level2_05             2     0.218     22.557     22.775 
        level2_06             2     0.218     22.557     22.775 
        level2_07             2     0.218     22.557     22.775 
        level2_08             2     0.218     22.557     22.775 
        level1_02             2     0.210     22.777     22.987 
        level1_03             2     0.210     22.777     22.987 
        level1_04             2     0.210     22.777     22.987 
        level1_05             2     0.208     48.833     49.041 
        level1_07             2     0.208     48.833     49.041 
        level3_06             2     0.208     48.846     49.054 
        level3_05             2     0.204     47.114     47.317 
        level3_08             2     0.204     47.114     47.317 
        level3_07             2     0.203     47.077     47.280 
        level1_06             2     0.201      0.012      0.213 
        level2_01             1     0.119     26.495     26.614 
        level2_02             1     0.119     26.495     26.614 
        level3_02             1     0.119     26.494     26.613 
        level3_01             1     0.115     24.761     24.876 
        level3_03             1     0.115     24.761     24.876 
        level3_04             1     0.115     24.761     24.876 
        level4_01             1     0.115     24.758     24.873 
        level4_02             1     0.115     24.758     24.873 
        level4_03             1     0.115     24.758     24.873 
        level4_04             1     0.115     24.758     24.873 
        level4_06             1     0.115     24.758     24.873 
        level4_07             1     0.115     24.758     24.873 
        level4_08             1     0.115     24.758     24.873 
        level4_05             1     0.113     24.463     24.576 
        level1_01             1     0.110     20.987     21.097 
      PA32_MSB_0            251    67.740  15069.882  15137.621 
        layer01_P_FF         16     5.485   1385.586   1391.071 
        layer02_P_FF         16     5.484   1540.511   1545.996 
        layer03_P_FF         16     5.484   1553.338   1558.823 
        layer04_P_FF         16     5.484   1586.428   1591.912 
        layer04_CARRY_FF     15     5.142   1368.642   1373.783 
        layer01_G_FF          7     2.400    234.242    236.643 
        layer01_gOutL1_FF     7     2.400    234.242    236.643 
        layer01_aOutL1_FF     7     2.400    675.024    677.424 
        layer03_CARRY_FF      7     2.400    633.886    636.286 
        layer01_A_FF          7     2.399    685.102    687.501 
        layer02_gOutL2_FF     6     2.058    407.335    409.393 
        layer02_aOutL2_FF     6     2.057    597.943    600.000 
        layer03_aOutL3_FF     4     1.371    383.922    385.293 
        layer03_gOutL3_FF     4     1.371    379.511    380.882 
        layer02_CARRY_FF      3     1.029    172.455    173.484 
        layer02_G_FF          3     1.029    197.050    198.079 
        layer02_gOutL1_FF     3     1.029     74.735     75.764 
        layer02_A_FF          3     1.028    292.354    293.382 
        layer02_aOutL1_FF     3     1.028    292.354    293.382 
        layer03_aOutL2_FF     2     0.686    191.961    192.647 
        layer03_gOutL2_FF     2     0.686    189.756    190.441 
        layer01_CARRY_FF      1     0.343     24.912     25.255 
        layer03_gOutL1_FF     1     0.343     64.948     65.291 
        layer03_A_FF          1     0.343     95.981     96.323 
        layer03_G_FF          1     0.343     94.878     95.220 
        layer03_aOutL1_FF     1     0.343     95.981     96.323 
        level1_08             2     0.219     21.266     21.485 
        level2_03             2     0.218     22.557     22.775 
        level2_04             2     0.218     22.557     22.775 
        level2_05             2     0.218     22.557     22.775 
        level2_06             2     0.218     22.557     22.775 
        level2_07             2     0.218     22.557     22.775 
        level2_08             2     0.218     22.557     22.775 
        level1_02             2     0.210     22.777     22.987 
        level1_03             2     0.210     22.777     22.987 
        level1_04             2     0.210     22.777     22.987 
        level1_05             2     0.208     48.833     49.041 
        level1_07             2     0.208     48.833     49.041 
        level3_06             2     0.208     48.846     49.054 
        level3_05             2     0.204     47.114     47.317 
        level3_08             2     0.204     47.114     47.317 
        level3_07             2     0.203     47.077     47.280 
        level1_06             2     0.201      0.012      0.213 
        level2_01             1     0.129      0.212      0.341 
        level2_02             1     0.129      0.212      0.341 
        level3_02             1     0.119     26.494     26.613 
        level3_01             1     0.115     24.761     24.876 
        level3_03             1     0.115     24.761     24.876 
        level3_04             1     0.115     24.761     24.876 
        level4_01             1     0.115     24.758     24.873 
        level4_02             1     0.115     24.758     24.873 
        level4_03             1     0.115     24.758     24.873 
        level4_04             1     0.115     24.758     24.873 
        level4_05             1     0.115     24.758     24.873 
        level4_06             1     0.115     24.758     24.873 
        level4_07             1     0.115     24.758     24.873 
        level4_08             1     0.115     24.758     24.873 
      PA32_LSB              260    61.076  13099.135  13160.211 
        layer01_gOutL1_FF    11     3.773    363.756    367.529 
        layer01_aOutL1_FF    10     3.428    886.574    890.002 
        layer01_P_FF          9     3.085    873.753    876.838 
        layer02_P_FF          9     3.085    873.753    876.838 
        layer03_P_FF          9     3.085    873.753    876.838 
        layer04_P_FF          9     3.085    863.826    866.911 
        layer02_gOutL2_FF     8     2.744    528.228    530.971 
        layer04_aOutL4_FF     8     2.742    511.386    514.128 
        layer04_gOutL4_FF     8     2.742    757.579    760.321 
        layer02_aOutL2_FF     7     2.400    680.130    682.530 
        layer03_gOutL3_FF     6     2.057    600.151    602.207 
        layer01_G_FF          5     1.715    124.559    126.274 
        layer01_A_FF          5     1.714    489.831    491.545 
        layer03_aOutL3_FF     5     1.714    488.965    490.679 
        layer02_G_FF          3     1.029    199.256    200.285 
        layer02_A_FF          3     1.028    293.457    294.485 
        layer02_gOutL1_FF     2     0.686     49.824     50.510 
        layer02_aOutL1_FF     2     0.686    196.373    197.059 
        layer03_A_FF          2     0.686    196.373    197.059 
        layer03_G_FF          2     0.686    191.961    192.647 
        layer03_aOutL2_FF     2     0.686    198.579    199.265 
        layer03_gOutL2_FF     2     0.686    184.036    184.722 
        layer03_gOutL1_FF     1     0.343     59.228     59.571 
        layer03_aOutL1_FF     1     0.343     99.290     99.632 
        layer04_A_FF          1     0.343     95.981     96.323 
        layer04_CARRY_FF      1     0.343    122.453    122.795 
        layer04_G_FF          1     0.343     94.878     95.220 
        layer04_aOutL3_FF     1     0.343     90.104     90.447 
        layer04_gOutL3_FF     1     0.343     94.878     95.221 
        level2_13             2     0.218     22.557     22.775 
        level2_14             2     0.218     22.557     22.775 
        level2_15             2     0.218     22.557     22.775 
        level2_16             2     0.218     22.557     22.775 
        level1_07             2     0.210     22.772     22.982 
        level1_08             2     0.210     22.772     22.982 
        level1_11             2     0.210     22.772     22.982 
        level1_13             2     0.210     22.777     22.987 
        level1_14             2     0.210     22.777     22.987 
        level1_15             2     0.210     22.777     22.987 
        level1_16             2     0.210     22.777     22.987 
        level2_12             2     0.210     22.770     22.980 
        level2_10             2     0.208     12.944     13.152 
        level3_14             2     0.208     48.846     49.054 
        level4_10             2     0.208     54.732     54.940 
        level1_10             2     0.207      7.029      7.236 
        level3_12             2     0.204     47.100     47.303 
        level3_13             2     0.204     47.114     47.317 
        level3_15             2     0.204     47.114     47.317 
        level3_16             2     0.204     47.114     47.317 
        level4_09             2     0.204     47.128     47.331 
        level4_11             2     0.204     47.128     47.331 
        level4_13             2     0.204     47.128     47.331 
        level4_14             2     0.204     47.128     47.331 
        level4_16             2     0.204     47.128     47.331 
        level4_12             2     0.203     43.639     43.841 
        level1_09             2     0.202      6.619      6.822 
        level1_12             2     0.201      0.012      0.213 
        level2_08             2     0.200     43.816     44.016 
        level4_15             2     0.197     30.319     30.516 
        level1_06             1     0.121      0.434      0.556 
        level3_08             1     0.121     23.161     23.282 
        level5_09             1     0.117     25.981     26.098 
        level5_10             1     0.117     25.981     26.098 
        level5_11             1     0.117     25.981     26.098 
        level5_12             1     0.117     25.981     26.098 
        level5_13             1     0.117     25.981     26.098 
        level5_14             1     0.117     25.981     26.098 
        level5_15             1     0.117     25.981     26.098 
        level5_08             1     0.116     26.631     26.747 
        level5_16             1     0.115     24.185     24.301 
        carry_out             1     0.112     24.961     25.074 
      SUM_MSB_FF1            16     5.487    557.829    563.316 
      SUM_MSB_FF0            16     5.487    650.277    655.764 
      SUM_LSB_FF              9     3.087    394.447    397.534 
      SUM_SELECT             16     2.472    122.496    124.968 
        MUX1                  1     0.157      6.013      6.170 
        MUX3                  1     0.157      6.013      6.170 
        MUX15                 1     0.157     33.620     33.777 
        MUX0                  1     0.155      6.088      6.242 
        MUX10                 1     0.154      5.897      6.051 
        MUX11                 1     0.154      5.897      6.051 
        MUX12                 1     0.154      5.897      6.051 
        MUX13                 1     0.154      5.897      6.051 
        MUX14                 1     0.154      5.897      6.051 
        MUX2                  1     0.154      5.897      6.051 
        MUX4                  1     0.154      5.897      6.051 
        MUX5                  1     0.154      5.897      6.051 
        MUX6                  1     0.154      5.897      6.051 
        MUX7                  1     0.154      5.897      6.051 
        MUX8                  1     0.154      5.897      6.051 
        MUX9                  1     0.154      5.897      6.051 
      cout_LSB_FF             1     0.343    189.736    190.079 
    level7_PSFF1             40    13.715   3099.206   3112.921 
    level7_PSFF0             40    13.714   3005.297   3019.011 
    level5_PSFF0             40    13.714   3672.959   3686.673 
    CSA_level7_0             42    12.285   1408.369   1420.654 
      FA46                    1     0.346     59.755     60.101 
      FA25                    1     0.339     30.985     31.324 
      FA38                    1     0.339     30.985     31.324 
      FA32                    1     0.339     32.497     32.836 
      FA36                    1     0.339     32.497     32.836 
      FA39                    1     0.339     32.497     32.836 
      FA40                    1     0.339     32.497     32.836 
      FA41                    1     0.339     32.497     32.836 
      FA43                    1     0.339     32.497     32.836 
      FA44                    1     0.337     58.595     58.932 
      FA35                    1     0.336     28.453     28.789 
      FA30                    1     0.334     55.178     55.511 
      FA31                    1     0.332     28.260     28.593 
      FA42                    1     0.332     28.259     28.591 
      FA45                    1     0.332     28.415     28.747 
      FA23                    1     0.331     28.573     28.904 
      FA26                    1     0.331     28.573     28.904 
      FA27                    1     0.331     28.573     28.904 
      FA33                    1     0.331     28.573     28.904 
      FA34                    1     0.326     55.284     55.610 
      FA22                    1     0.324     59.696     60.020 
      FA24                    1     0.324     59.696     60.020 
      FA28                    1     0.324     59.696     60.020 
      FA29                    1     0.324     59.696     60.020 
      FA37                    1     0.324     59.696     60.020 
      FA14                    1     0.268     27.911     28.179 
      FA18                    1     0.268     27.928     28.196 
      FA19                    1     0.268     27.928     28.196 
      FA20                    1     0.268     27.928     28.196 
      FA17                    1     0.261     54.182     54.443 
      FA9                     1     0.259     45.006     45.265 
      FA11                    1     0.258     30.942     31.200 
      FA12                    1     0.258     30.942     31.200 
      FA13                    1     0.258     30.942     31.200 
      FA16                    1     0.258     30.948     31.207 
      FA21                    1     0.258     30.948     31.207 
      FA10                    1     0.258      0.000      0.258 
      FA15                    1     0.258      0.000      0.258 
      FA8                     1     0.258      0.000      0.258 
      FA47                    1     0.172     30.841     31.013 
      FA7                     1     0.080      0.000      0.080 
    CSA_level6_0             40    11.993   1554.530   1566.523 
      FA38                    1     0.359      0.000      0.359 
      FA30                    1     0.339     34.301     34.640 
      FA31                    1     0.339     34.301     34.640 
      FA35                    1     0.339     34.301     34.640 
      FA34                    1     0.338     64.028     64.366 
      FA33                    1     0.337     35.064     35.401 
      FA36                    1     0.337     35.064     35.401 
      FA15                    1     0.331     30.784     31.114 
      FA16                    1     0.331     30.784     31.114 
      FA21                    1     0.331     35.196     35.527 
      FA23                    1     0.331     35.196     35.527 
      FA25                    1     0.331     35.196     35.527 
      FA26                    1     0.331     35.196     35.527 
      FA27                    1     0.331     35.196     35.527 
      FA32                    1     0.331     35.196     35.527 
      FA17                    1     0.329     61.277     61.606 
      FA18                    1     0.324     66.320     66.644 
      FA19                    1     0.324     66.320     66.644 
      FA20                    1     0.324     66.320     66.644 
      FA22                    1     0.324     69.629     69.954 
      FA24                    1     0.324     69.629     69.954 
      FA28                    1     0.324     69.629     69.954 
      FA29                    1     0.324     69.629     69.954 
      FA37                    1     0.324     69.629     69.954 
      FA10                    1     0.268     30.110     30.378 
      FA11                    1     0.268     30.110     30.378 
      FA12                    1     0.268     30.110     30.378 
      FA13                    1     0.268     30.110     30.378 
      FA43                    1     0.268     34.522     34.791 
      FA8                     1     0.268     30.110     30.378 
      FA14                    1     0.265     32.347     32.612 
      FA44                    1     0.264     95.172     95.436 
      FA45                    1     0.261     70.980     71.241 
      FA9                     1     0.259     18.484     18.743 
      FA42                    1     0.258     34.249     34.508 
      FA39                    1     0.258      0.000      0.258 
      FA40                    1     0.258      0.000      0.258 
      FA41                    1     0.258      0.000      0.258 
      FA7                     1     0.258      0.000      0.258 
      FA6                     1     0.086      0.039      0.125 
    level5_PSFF1             33    11.315   3060.570   3071.884 
    level5_PSFF2             32    10.973   2109.682   2120.655 
    level3_PSFF4             32    10.972   2608.028   2619.000 
    level3_PSFF2             31    10.628   2611.005   2621.633 
    CSA_level8_0             40    10.342   1198.510   1208.851 
      FA17                    1     0.268     30.110     30.378 
      FA22                    1     0.268     30.110     30.378 
      FA23                    1     0.268     30.110     30.378 
      FA24                    1     0.268     30.110     30.378 
      FA25                    1     0.268     30.110     30.378 
      FA26                    1     0.268     30.110     30.378 
      FA27                    1     0.268     30.110     30.378 
      FA28                    1     0.268     30.110     30.378 
      FA29                    1     0.268     30.110     30.378 
      FA30                    1     0.268     30.110     30.378 
      FA31                    1     0.268     35.625     35.894 
      FA32                    1     0.268     35.625     35.894 
      FA33                    1     0.268     35.625     35.894 
      FA34                    1     0.268     35.625     35.894 
      FA35                    1     0.268     35.625     35.894 
      FA36                    1     0.268     35.625     35.894 
      FA37                    1     0.268     35.625     35.894 
      FA38                    1     0.268     35.625     35.894 
      FA42                    1     0.268     35.625     35.894 
      FA46                    1     0.268      0.000      0.268 
      FA19                    1     0.265     30.141     30.406 
      FA20                    1     0.265     30.141     30.406 
      FA21                    1     0.265     30.141     30.406 
      FA39                    1     0.265     40.068     40.333 
      FA40                    1     0.265     40.068     40.333 
      FA41                    1     0.265     40.068     40.333 
      FA43                    1     0.265     40.068     40.333 
      FA44                    1     0.265     40.068     40.333 
      FA45                    1     0.265     40.068     40.333 
      FA18                    1     0.260      8.612      8.872 
      FA16                    1     0.259      8.612      8.871 
      FA10                    1     0.258     33.146     33.405 
      FA11                    1     0.258     33.146     33.405 
      FA12                    1     0.258     33.146     33.405 
      FA13                    1     0.258     33.146     33.405 
      FA14                    1     0.258     33.146     33.405 
      FA15                    1     0.258     33.146     33.405 
      FA9                     1     0.258     29.837     30.095 
      FA47                    1     0.180      0.000      0.180 
      FA8                     1     0.080      0.018      0.098 
    CSA_level5_0             33    10.069   2064.700   2074.769 
      FA32                    1     0.348     60.690     61.037 
      FA16                    1     0.338     69.144     69.482 
      FA26                    1     0.337    124.842    125.180 
      FA13                    1     0.337     73.364     73.701 
      FA31                    1     0.336     75.426     75.762 
      FA19                    1     0.335    108.422    108.757 
      FA23                    1     0.335     50.670     51.005 
      FA15                    1     0.334    101.294    101.629 
      FA29                    1     0.333     90.244     90.577 
      FA27                    1     0.332     88.883     89.216 
      FA10                    1     0.332     71.136     71.468 
      FA30                    1     0.332     55.175     55.507 
      FA11                    1     0.331     71.902     72.233 
      FA28                    1     0.331     55.220     55.552 
      FA17                    1     0.331     28.571     28.901 
      FA20                    1     0.330     55.220     55.551 
      FA22                    1     0.330     85.752     86.082 
      FA12                    1     0.329     55.224     55.553 
      FA24                    1     0.329     55.280     55.609 
      FA14                    1     0.327     94.465     94.792 
      FA18                    1     0.325    113.135    113.460 
      FA21                    1     0.324     59.692     60.016 
      FA25                    1     0.324     59.692     60.016 
      FA9                     1     0.267     35.911     36.177 
      FA34                    1     0.263     35.977     36.240 
      FA33                    1     0.262     70.506     70.768 
      FA36                    1     0.262     54.925     55.187 
      FA8                     1     0.260     38.164     38.424 
      FA7                     1     0.260     53.144     53.404 
      FA35                    1     0.260     23.985     24.245 
      FA37                    1     0.258     30.940     31.199 
      FA6                     1     0.258     17.681     17.939 
      FA5                     1     0.079      0.023      0.102 
    level3_PSFF0             28     9.600   2433.740   2443.339 
    level3_PSFF3             27     9.255   2669.009   2678.264 
    CSA_level4_1             29     8.953   1645.797   1654.750 
      FA34                    1     0.341     86.663     87.003 
      FA27                    1     0.334     94.505     94.840 
      FA22                    1     0.331     62.477     62.808 
      FA29                    1     0.331     64.684     65.014 
      FA17                    1     0.331     28.578     28.908 
      FA35                    1     0.330     62.320     62.650 
      FA26                    1     0.330     64.744     65.075 
      FA36                    1     0.330     62.320     62.649 
      FA31                    1     0.329     64.211     64.541 
      FA32                    1     0.329     61.375     61.704 
      FA33                    1     0.329     62.320     62.649 
      FA19                    1     0.329     48.160     48.488 
      FA24                    1     0.329     61.435     61.764 
      FA18                    1     0.324     63.011     63.335 
      FA20                    1     0.324     67.423     67.747 
      FA21                    1     0.324     67.423     67.747 
      FA23                    1     0.324     67.423     67.747 
      FA25                    1     0.324     66.320     66.644 
      FA28                    1     0.324     69.629     69.954 
      FA30                    1     0.324     69.629     69.954 
      FA16                    1     0.268     27.904     28.172 
      FA37                    1     0.268     34.522     34.791 
      FA42                    1     0.268     84.108     84.376 
      FA38                    1     0.265     27.935     28.200 
      FA39                    1     0.265     27.935     28.200 
      FA40                    1     0.265     27.935     28.200 
      FA41                    1     0.265     27.935     28.200 
      FA14                    1     0.260     55.314     55.575 
      FA15                    1     0.258     37.559     37.817 
    level3_PSFF6             26     8.917   1093.467   1102.384 
    level5_PSFF3             26     8.914   2231.139   2240.053 
    level1_PSFF10            26     8.913   2498.289   2507.202 
    level1_PSFF12            26     8.913   2500.496   2509.408 
    level1_PSFF2             26     8.913   2429.114   2438.027 
    level1_PSFF4             26     8.913   2491.672   2500.585 
    level1_PSFF6             26     8.913   2498.290   2507.203 
    level1_PSFF8             26     8.913   2424.702   2433.614 
    level3_PSFF1             26     8.912   2428.300   2437.213 
    level3_PSFF5             26     8.912   2491.902   2500.814 
    CSA_level4_0             28     8.774   1815.240   1824.014 
      FA29                    1     0.348     78.056     78.404 
      FA14                    1     0.345     84.130     84.475 
      FA22                    1     0.338     89.732     90.070 
      FA27                    1     0.337     35.064     35.401 
      FA9                     1     0.337     57.083     57.420 
      FA10                    1     0.336     75.548     75.884 
      FA18                    1     0.336    162.781    163.117 
      FA11                    1     0.335     94.724     95.059 
      FA20                    1     0.334     67.475     67.809 
      FA15                    1     0.334     64.638     64.972 
      FA13                    1     0.331     54.778     55.109 
      FA8                     1     0.331     40.749     41.079 
      FA28                    1     0.330     67.581     67.911 
      FA26                    1     0.330     67.581     67.911 
      FA7                     1     0.330     56.226     56.556 
      FA16                    1     0.329     64.638     64.968 
      FA12                    1     0.324     69.629     69.954 
      FA17                    1     0.324     72.939     73.263 
      FA19                    1     0.324     72.939     73.263 
      FA21                    1     0.324     72.939     73.263 
      FA23                    1     0.324     72.939     73.263 
      FA24                    1     0.324     72.939     73.263 
      FA25                    1     0.324     72.939     73.263 
      FA6                     1     0.268     30.110     30.378 
      FA30                    1     0.265     31.244     31.509 
      FA31                    1     0.265     34.553     34.818 
      FA5                     1     0.260     45.474     45.735 
      FA4                     1     0.086      5.812      5.898 
    level1_PSFF14            25     8.570   2333.988   2342.558 
    CSA_level3_1             27     8.438   1338.335   1346.772 
      FA31                    1     0.337     28.444     28.781 
      FA13                    1     0.331     28.571     28.902 
      FA18                    1     0.328     55.280     55.609 
      FA19                    1     0.328     55.280     55.609 
      FA20                    1     0.328     55.280     55.609 
      FA21                    1     0.328     55.280     55.609 
      FA22                    1     0.328     55.280     55.609 
      FA23                    1     0.328     55.280     55.609 
      FA12                    1     0.324     59.692     60.016 
      FA14                    1     0.324     59.692     60.016 
      FA15                    1     0.324     59.692     60.016 
      FA16                    1     0.324     59.692     60.016 
      FA17                    1     0.324     59.692     60.016 
      FA24                    1     0.324     59.692     60.016 
      FA25                    1     0.324     59.692     60.016 
      FA26                    1     0.324     59.692     60.016 
      FA27                    1     0.324     59.692     60.016 
      FA28                    1     0.324     59.692     60.016 
      FA29                    1     0.324     59.692     60.016 
      FA30                    1     0.324     59.695     60.019 
      FA32                    1     0.324     59.695     60.019 
      FA34                    1     0.268     27.928     28.196 
      FA35                    1     0.268     27.911     28.179 
      FA9                     1     0.268     27.921     28.189 
      FA10                    1     0.265     27.981     28.246 
      FA11                    1     0.258     30.948     31.207 
      FA33                    1     0.258     30.948     31.207 
    CSA_level3_2             26     8.346   1269.313   1277.659 
      FA40                    1     0.339     32.491     32.830 
      FA19                    1     0.337     28.444     28.781 
      FA20                    1     0.337     28.444     28.781 
      FA22                    1     0.331     28.571     28.901 
      FA38                    1     0.331     28.571     28.901 
      FA24                    1     0.329     55.220     55.549 
      FA25                    1     0.329     55.220     55.549 
      FA26                    1     0.329     55.220     55.549 
      FA27                    1     0.328     55.280     55.608 
      FA28                    1     0.328     55.280     55.608 
      FA29                    1     0.328     55.280     55.608 
      FA30                    1     0.328     55.280     55.608 
      FA31                    1     0.328     55.280     55.608 
      FA32                    1     0.324     59.692     60.016 
      FA18                    1     0.324     59.696     60.020 
      FA21                    1     0.324     59.692     60.016 
      FA23                    1     0.324     59.692     60.016 
      FA33                    1     0.324     59.692     60.016 
      FA34                    1     0.324     59.692     60.016 
      FA35                    1     0.324     59.692     60.016 
      FA36                    1     0.324     59.692     60.016 
      FA37                    1     0.324     59.692     60.016 
      FA39                    1     0.324     59.697     60.021 
      FA16                    1     0.268     27.911     28.179 
      FA41                    1     0.268     27.913     28.181 
      FA17                    1     0.265     27.982     28.247 
    CSA_level5_1             26     8.342    898.186    906.528 
      FA39                    1     0.359      0.000      0.359 
      FA25                    1     0.355     30.326     30.681 
      FA34                    1     0.355     30.326     30.681 
      FA41                    1     0.355     30.331     30.686 
      FA42                    1     0.355     30.331     30.686 
      FA28                    1     0.347     72.852     73.199 
      FA43                    1     0.339     55.564     55.904 
      FA40                    1     0.339     72.426     72.765 
      FA27                    1     0.337     28.442     28.779 
      FA31                    1     0.337     28.447     28.784 
      FA32                    1     0.337     28.447     28.784 
      FA33                    1     0.337     28.447     28.784 
      FA36                    1     0.337     28.447     28.784 
      FA37                    1     0.337     28.447     28.784 
      FA35                    1     0.332     72.119     72.451 
      FA29                    1     0.332     28.257     28.589 
      FA38                    1     0.332     28.258     28.591 
      FA30                    1     0.331     28.573     28.903 
      FA26                    1     0.330     46.267     46.597 
      FA22                    1     0.268     27.921     28.189 
      FA23                    1     0.268     27.921     28.189 
      FA46                    1     0.268     27.905     28.173 
      FA24                    1     0.266     44.932     45.197 
      FA21                    1     0.265     45.248     45.513 
      FA44                    1     0.265     27.952     28.216 
      FA45                    1     0.258      0.000      0.258 
    level1_PSFF0             24     8.227   2368.574   2376.801 
    level1_PSFF1             24     8.226   2481.128   2489.355 
    level1_PSFF11            24     8.226   2406.122   2414.348 
    level1_PSFF13            24     8.226   2486.643   2494.870 
    level1_PSFF15            24     8.226   2378.545   2386.772 
    level1_PSFF3             24     8.226   2482.231   2490.458 
    level1_PSFF5             24     8.226   2412.740   2420.966 
    level1_PSFF7             24     8.226   2484.437   2492.664 
    level1_PSFF9             24     8.226   2473.407   2481.634 
    CSA_level2_1             26     8.151   1603.204   1611.354 
      FA15                    1     0.329     64.684     65.013 
      FA16                    1     0.329     64.684     65.013 
      FA17                    1     0.329     64.684     65.013 
      FA10                    1     0.324     65.217     65.541 
      FA11                    1     0.324     69.629     69.954 
      FA12                    1     0.324     69.629     69.954 
      FA13                    1     0.324     69.629     69.954 
      FA14                    1     0.324     69.629     69.954 
      FA18                    1     0.324     69.629     69.954 
      FA19                    1     0.324     69.629     69.954 
      FA20                    1     0.324     69.629     69.954 
      FA21                    1     0.324     69.629     69.954 
      FA22                    1     0.324     69.629     69.954 
      FA23                    1     0.324     69.629     69.954 
      FA24                    1     0.324     69.629     69.954 
      FA25                    1     0.324     69.629     69.954 
      FA26                    1     0.324     69.629     69.954 
      FA27                    1     0.324     70.732     71.057 
      FA28                    1     0.324     70.732     71.057 
      FA8                     1     0.324     67.423     67.747 
      FA9                     1     0.324     67.423     67.747 
      FA29                    1     0.268     34.522     34.791 
      FA31                    1     0.268     34.522     34.791 
      FA6                     1     0.268     27.904     28.172 
      FA30                    1     0.265     27.935     28.200 
      FA7                     1     0.258     37.559     37.817 
    CSA_level2_3             26     8.144   1669.876   1678.021 
      FA24                    1     0.329     67.521     67.850 
      FA25                    1     0.329     67.521     67.850 
      FA26                    1     0.329     67.521     67.850 
      FA17                    1     0.324     70.732     71.057 
      FA18                    1     0.324     69.629     69.954 
      FA19                    1     0.324     69.629     69.954 
      FA20                    1     0.324     69.629     69.954 
      FA21                    1     0.324     72.939     73.263 
      FA22                    1     0.324     72.939     73.263 
      FA23                    1     0.324     72.939     73.263 
      FA27                    1     0.324     72.939     73.263 
      FA28                    1     0.324     72.939     73.263 
      FA29                    1     0.324     72.939     73.263 
      FA30                    1     0.324     72.939     73.263 
      FA31                    1     0.324     72.939     73.263 
      FA32                    1     0.324     72.939     73.263 
      FA33                    1     0.324     72.939     73.263 
      FA34                    1     0.324     72.939     73.263 
      FA35                    1     0.324     72.939     73.263 
      FA36                    1     0.324     72.939     73.263 
      FA37                    1     0.324     72.939     73.263 
      FA15                    1     0.268     30.110     30.378 
      FA38                    1     0.268     34.522     34.791 
      FA40                    1     0.268     32.316     32.584 
      FA16                    1     0.258     35.352     35.611 
      FA39                    1     0.258     34.249     34.508 
    CSA_level3_0             26     8.069   1319.803   1327.872 
      FA24                    1     0.332     28.258     28.590 
      FA6                     1     0.331     28.571     28.901 
      FA10                    1     0.329     55.220     55.549 
      FA11                    1     0.329     55.220     55.549 
      FA12                    1     0.329     55.220     55.549 
      FA13                    1     0.329     55.220     55.549 
      FA14                    1     0.329     55.220     55.549 
      FA9                     1     0.329     55.220     55.549 
      FA15                    1     0.328     55.280     55.608 
      FA16                    1     0.328     55.280     55.608 
      FA17                    1     0.328     55.280     55.608 
      FA18                    1     0.324     59.692     60.016 
      FA19                    1     0.324     59.692     60.016 
      FA20                    1     0.324     59.692     60.016 
      FA21                    1     0.324     59.692     60.016 
      FA22                    1     0.324     59.692     60.016 
      FA23                    1     0.324     59.692     60.016 
      FA25                    1     0.324     59.692     60.016 
      FA26                    1     0.324     59.696     60.020 
      FA5                     1     0.324     59.696     60.020 
      FA7                     1     0.324     59.694     60.018 
      FA8                     1     0.324     59.692     60.016 
      FA28                    1     0.268     27.921     28.190 
      FA27                    1     0.265     27.982     28.247 
      FA4                     1     0.258     30.948     31.207 
      FA3                     1     0.089     22.342     22.431 
    CSA_level2_2             24     7.779   1525.238   1533.018 
      FA33                    1     0.337     30.652     30.989 
      FA18                    1     0.332     64.638     64.971 
      FA19                    1     0.332     64.638     64.971 
      FA20                    1     0.332     64.638     64.971 
      FA13                    1     0.331     35.196     35.527 
      FA21                    1     0.328     64.744     65.073 
      FA22                    1     0.328     64.744     65.073 
      FA23                    1     0.328     64.744     65.073 
      FA12                    1     0.324     72.939     73.263 
      FA14                    1     0.324     69.629     69.954 
      FA15                    1     0.324     69.629     69.954 
      FA16                    1     0.324     69.629     69.954 
      FA17                    1     0.324     69.629     69.954 
      FA24                    1     0.324     69.629     69.954 
      FA25                    1     0.324     69.629     69.954 
      FA26                    1     0.324     69.629     69.954 
      FA27                    1     0.324     69.629     69.954 
      FA28                    1     0.324     69.629     69.954 
      FA29                    1     0.324     69.629     69.954 
      FA30                    1     0.324     69.629     69.954 
      FA31                    1     0.324     69.629     69.954 
      FA32                    1     0.324     65.217     65.541 
      FA34                    1     0.324     66.320     66.644 
      FA11                    1     0.268     31.213     31.481 
    CSA_level2_4             24     7.775   1485.995   1493.770 
      FA42                    1     0.337     32.858     33.195 
      FA27                    1     0.332     62.432     62.764 
      FA28                    1     0.332     62.432     62.764 
      FA29                    1     0.332     62.432     62.764 
      FA22                    1     0.331     32.990     33.320 
      FA30                    1     0.328     62.538     62.866 
      FA31                    1     0.328     62.538     62.866 
      FA32                    1     0.324     67.423     67.747 
      FA21                    1     0.324     63.011     63.335 
      FA23                    1     0.324     67.423     67.747 
      FA24                    1     0.324     67.423     67.747 
      FA25                    1     0.324     67.423     67.747 
      FA26                    1     0.324     67.423     67.747 
      FA33                    1     0.324     67.423     67.747 
      FA34                    1     0.324     67.423     67.747 
      FA35                    1     0.324     67.423     67.747 
      FA36                    1     0.324     67.423     67.747 
      FA37                    1     0.324     67.423     67.747 
      FA38                    1     0.324     70.732     71.057 
      FA39                    1     0.324     70.732     71.057 
      FA40                    1     0.324     70.732     71.057 
      FA41                    1     0.324     66.320     66.644 
      FA43                    1     0.324     64.114     64.438 
      FA20                    1     0.268     27.904     28.172 
    CSA_level1_1             24     7.685   1355.867   1363.552 
      FA12                    1     0.332     55.180     55.513 
      FA13                    1     0.329     55.226     55.555 
      FA14                    1     0.328     55.286     55.615 
      FA10                    1     0.324     59.698     60.022 
      FA11                    1     0.324     59.698     60.022 
      FA15                    1     0.324     59.698     60.022 
      FA16                    1     0.324     59.698     60.023 
      FA17                    1     0.324     59.698     60.023 
      FA18                    1     0.324     59.698     60.023 
      FA19                    1     0.324     59.698     60.023 
      FA20                    1     0.324     59.698     60.023 
      FA21                    1     0.324     59.698     60.023 
      FA22                    1     0.324     59.698     60.023 
      FA23                    1     0.324     59.698     60.023 
      FA24                    1     0.324     59.698     60.023 
      FA25                    1     0.324     59.698     60.023 
      FA26                    1     0.324     59.572     59.896 
      FA5                     1     0.324     59.698     60.022 
      FA6                     1     0.324     59.698     60.022 
      FA7                     1     0.324     59.698     60.022 
      FA8                     1     0.324     59.698     60.022 
      FA9                     1     0.324     59.698     60.022 
      FA27                    1     0.268     28.122     28.390 
      FA4                     1     0.268     27.910     28.179 
    CSA_level1_2             24     7.685   1355.864   1363.549 
      FA15                    1     0.332     55.180     55.513 
      FA16                    1     0.329     55.226     55.555 
      FA17                    1     0.328     55.286     55.615 
      FA10                    1     0.324     59.698     60.022 
      FA11                    1     0.324     59.698     60.022 
      FA12                    1     0.324     59.698     60.022 
      FA13                    1     0.324     59.698     60.022 
      FA14                    1     0.324     59.698     60.022 
      FA18                    1     0.324     59.698     60.023 
      FA19                    1     0.324     59.698     60.023 
      FA20                    1     0.324     59.698     60.023 
      FA21                    1     0.324     59.699     60.023 
      FA22                    1     0.324     59.699     60.023 
      FA23                    1     0.324     59.699     60.023 
      FA24                    1     0.324     59.699     60.023 
      FA25                    1     0.324     59.699     60.023 
      FA26                    1     0.324     59.699     60.023 
      FA27                    1     0.324     59.699     60.023 
      FA28                    1     0.324     59.699     60.023 
      FA29                    1     0.324     59.579     59.903 
      FA8                     1     0.324     59.698     60.022 
      FA9                     1     0.324     59.698     60.022 
      FA30                    1     0.268     28.110     28.379 
      FA7                     1     0.268     27.910     28.178 
    CSA_level1_3             24     7.685   1355.859   1363.544 
      FA18                    1     0.332     55.180     55.513 
      FA19                    1     0.329     55.226     55.555 
      FA20                    1     0.328     55.286     55.615 
      FA11                    1     0.324     59.698     60.022 
      FA12                    1     0.324     59.698     60.022 
      FA13                    1     0.324     59.698     60.022 
      FA14                    1     0.324     59.698     60.022 
      FA15                    1     0.324     59.698     60.022 
      FA16                    1     0.324     59.698     60.022 
      FA17                    1     0.324     59.698     60.022 
      FA21                    1     0.324     59.698     60.023 
      FA22                    1     0.324     59.698     60.023 
      FA23                    1     0.324     59.698     60.023 
      FA24                    1     0.324     59.699     60.023 
      FA25                    1     0.324     59.699     60.023 
      FA26                    1     0.324     59.699     60.023 
      FA27                    1     0.324     59.699     60.023 
      FA28                    1     0.324     59.699     60.023 
      FA29                    1     0.324     59.699     60.023 
      FA30                    1     0.324     59.699     60.023 
      FA31                    1     0.324     59.699     60.023 
      FA32                    1     0.324     59.585     59.909 
      FA10                    1     0.268     27.910     28.178 
      FA33                    1     0.268     28.099     28.368 
    CSA_level1_4             24     7.685   1355.856   1363.541 
      FA21                    1     0.332     55.180     55.513 
      FA22                    1     0.329     55.226     55.555 
      FA23                    1     0.328     55.286     55.615 
      FA14                    1     0.324     59.698     60.022 
      FA15                    1     0.324     59.698     60.022 
      FA16                    1     0.324     59.698     60.022 
      FA17                    1     0.324     59.698     60.023 
      FA18                    1     0.324     59.698     60.023 
      FA19                    1     0.324     59.698     60.023 
      FA20                    1     0.324     59.698     60.023 
      FA24                    1     0.324     59.698     60.023 
      FA25                    1     0.324     59.699     60.023 
      FA26                    1     0.324     59.699     60.023 
      FA27                    1     0.324     59.699     60.023 
      FA28                    1     0.324     59.699     60.023 
      FA29                    1     0.324     59.699     60.023 
      FA30                    1     0.324     59.699     60.023 
      FA31                    1     0.324     59.699     60.023 
      FA32                    1     0.324     59.699     60.023 
      FA33                    1     0.324     59.699     60.023 
      FA34                    1     0.324     59.699     60.023 
      FA35                    1     0.324     59.591     59.915 
      FA13                    1     0.268     27.910     28.178 
      FA36                    1     0.268     28.088     28.357 
    CSA_level1_5             24     7.685   1355.852   1363.537 
      FA24                    1     0.332     55.181     55.513 
      FA25                    1     0.329     55.226     55.555 
      FA26                    1     0.328     55.286     55.615 
      FA17                    1     0.324     59.698     60.022 
      FA18                    1     0.324     59.698     60.022 
      FA19                    1     0.324     59.698     60.023 
      FA20                    1     0.324     59.698     60.023 
      FA21                    1     0.324     59.698     60.023 
      FA22                    1     0.324     59.698     60.023 
      FA23                    1     0.324     59.698     60.023 
      FA27                    1     0.324     59.699     60.023 
      FA28                    1     0.324     59.699     60.023 
      FA29                    1     0.324     59.699     60.023 
      FA30                    1     0.324     59.699     60.023 
      FA31                    1     0.324     59.699     60.023 
      FA32                    1     0.324     59.699     60.023 
      FA33                    1     0.324     59.699     60.023 
      FA34                    1     0.324     59.699     60.023 
      FA35                    1     0.324     59.699     60.023 
      FA36                    1     0.324     59.699     60.023 
      FA37                    1     0.324     59.699     60.023 
      FA38                    1     0.324     59.598     59.922 
      FA16                    1     0.268     27.910     28.178 
      FA39                    1     0.268     28.077     28.346 
    CSA_level1_6             24     7.685   1355.847   1363.532 
      FA27                    1     0.332     55.181     55.513 
      FA28                    1     0.329     55.226     55.555 
      FA29                    1     0.328     55.286     55.615 
      FA20                    1     0.324     59.698     60.022 
      FA21                    1     0.324     59.698     60.022 
      FA22                    1     0.324     59.698     60.023 
      FA23                    1     0.324     59.698     60.023 
      FA24                    1     0.324     59.698     60.023 
      FA25                    1     0.324     59.698     60.023 
      FA26                    1     0.324     59.698     60.023 
      FA30                    1     0.324     59.699     60.023 
      FA31                    1     0.324     59.699     60.023 
      FA32                    1     0.324     59.699     60.023 
      FA33                    1     0.324     59.699     60.023 
      FA34                    1     0.324     59.699     60.023 
      FA35                    1     0.324     59.699     60.023 
      FA36                    1     0.324     59.699     60.023 
      FA37                    1     0.324     59.699     60.023 
      FA38                    1     0.324     59.699     60.023 
      FA39                    1     0.324     59.699     60.023 
      FA40                    1     0.324     59.699     60.023 
      FA41                    1     0.324     59.604     59.928 
      FA19                    1     0.268     27.910     28.178 
      FA42                    1     0.268     28.066     28.335 
    CSA_level1_7             24     7.677   1358.268   1365.945 
      FA30                    1     0.329     55.112     55.441 
      FA31                    1     0.328     55.175     55.503 
      FA32                    1     0.324     59.585     59.909 
      FA23                    1     0.324     59.568     59.892 
      FA24                    1     0.324     59.568     59.892 
      FA25                    1     0.324     59.570     59.894 
      FA26                    1     0.324     59.572     59.896 
      FA27                    1     0.324     59.574     59.898 
      FA28                    1     0.324     59.576     59.900 
      FA29                    1     0.324     59.578     59.903 
      FA33                    1     0.324     59.587     59.911 
      FA34                    1     0.324     59.589     59.913 
      FA35                    1     0.324     59.591     59.915 
      FA36                    1     0.324     59.593     59.918 
      FA37                    1     0.324     59.596     59.920 
      FA38                    1     0.324     59.598     59.922 
      FA39                    1     0.324     59.600     59.924 
      FA40                    1     0.324     59.602     59.926 
      FA41                    1     0.324     59.604     59.928 
      FA42                    1     0.324     59.606     59.930 
      FA43                    1     0.324     59.608     59.933 
      FA44                    1     0.324     59.498     59.822 
      FA22                    1     0.268     27.910     28.178 
      FA45                    1     0.268     28.408     28.676 
    CSA_level2_0             24     7.600   1571.991   1579.591 
      FA24                    1     0.337     35.064     35.401 
      FA10                    1     0.332     67.475     67.807 
      FA11                    1     0.332     67.475     67.807 
      FA9                     1     0.332     67.475     67.807 
      FA4                     1     0.331     35.196     35.527 
      FA12                    1     0.328     67.581     67.909 
      FA13                    1     0.328     67.581     67.909 
      FA14                    1     0.328     67.581     67.909 
      FA15                    1     0.324     72.939     73.263 
      FA16                    1     0.324     72.939     73.263 
      FA17                    1     0.324     72.939     73.263 
      FA18                    1     0.324     72.939     73.263 
      FA19                    1     0.324     72.939     73.263 
      FA20                    1     0.324     72.939     73.263 
      FA21                    1     0.324     72.939     73.263 
      FA22                    1     0.324     72.939     73.263 
      FA23                    1     0.324     72.939     73.263 
      FA25                    1     0.324     72.939     73.263 
      FA3                     1     0.324     60.804     61.129 
      FA5                     1     0.324     69.629     69.954 
      FA6                     1     0.324     72.939     73.263 
      FA7                     1     0.324     69.629     69.954 
      FA8                     1     0.324     72.939     73.263 
      FA2                     1     0.089     21.232     21.321 
    level3_PSFF7             22     7.541   2146.306   2153.846 
    CSA_level1_0             24     7.505   1350.299   1357.804 
      FA9                     1     0.332     55.180     55.513 
      FA10                    1     0.329     55.226     55.555 
      FA11                    1     0.328     55.286     55.615 
      FA12                    1     0.324     59.698     60.022 
      FA13                    1     0.324     59.698     60.022 
      FA14                    1     0.324     59.698     60.022 
      FA15                    1     0.324     59.698     60.022 
      FA16                    1     0.324     59.698     60.022 
      FA17                    1     0.324     59.698     60.022 
      FA18                    1     0.324     59.698     60.022 
      FA19                    1     0.324     59.698     60.022 
      FA2                     1     0.324     59.698     60.022 
      FA20                    1     0.324     59.698     60.022 
      FA21                    1     0.324     59.698     60.022 
      FA22                    1     0.324     59.698     60.022 
      FA23                    1     0.324     59.568     59.892 
      FA3                     1     0.324     59.698     60.022 
      FA4                     1     0.324     59.698     60.022 
      FA5                     1     0.324     59.698     60.022 
      FA6                     1     0.324     59.698     60.022 
      FA7                     1     0.324     59.698     60.022 
      FA8                     1     0.324     59.698     60.022 
      FA24                    1     0.268     28.133     28.401 
      FA1                     1     0.089     22.338     22.427 
    CSA_level3_3             22     5.906    614.257    620.163 
      FA23                    1     0.268     27.921     28.189 
      FA24                    1     0.268     27.921     28.189 
      FA25                    1     0.268     27.921     28.189 
      FA26                    1     0.268     27.921     28.189 
      FA27                    1     0.268     27.921     28.189 
      FA28                    1     0.268     27.921     28.189 
      FA29                    1     0.268     27.921     28.189 
      FA30                    1     0.268     27.921     28.189 
      FA31                    1     0.268     27.921     28.189 
      FA32                    1     0.268     27.921     28.189 
      FA33                    1     0.268     27.921     28.189 
      FA34                    1     0.268     27.921     28.189 
      FA35                    1     0.268     27.921     28.189 
      FA36                    1     0.268     27.921     28.189 
      FA37                    1     0.268     27.921     28.189 
      FA38                    1     0.268     27.921     28.189 
      FA39                    1     0.268     27.921     28.189 
      FA40                    1     0.268     27.921     28.189 
      FA41                    1     0.268     27.921     28.189 
      FA42                    1     0.268     27.921     28.189 
      FA43                    1     0.268     27.921     28.189 
      FA44                    1     0.268     27.921     28.189 
    CSA_level4_2             22     5.803    675.946    681.749 
      FA25                    1     0.268     34.522     34.791 
      FA34                    1     0.268     34.522     34.791 
      FA39                    1     0.268     34.522     34.791 
      FA45                    1     0.268     30.110     30.378 
      FA30                    1     0.265     34.553     34.818 
      FA31                    1     0.265     34.553     34.818 
      FA32                    1     0.265     34.553     34.818 
      FA33                    1     0.265     34.553     34.818 
      FA36                    1     0.265     34.553     34.818 
      FA37                    1     0.265     34.553     34.818 
      FA38                    1     0.265     31.244     31.509 
      FA41                    1     0.265     31.244     31.509 
      FA42                    1     0.265     31.244     31.509 
      FA43                    1     0.265     31.244     31.509 
      FA44                    1     0.265     32.347     32.612 
      FA35                    1     0.261     19.745     20.005 
      FA26                    1     0.260     19.745     20.005 
      FA40                    1     0.260     26.780     27.040 
      FA24                    1     0.259      8.612      8.871 
      FA27                    1     0.258     34.249     34.508 
      FA28                    1     0.258     34.249     34.508 
      FA29                    1     0.258     34.249     34.508 
    level1_PS1               23     2.040    661.194    663.234 
    level1_PS10              23     2.040    665.850    667.889 
    level1_PS11              23     2.040    593.368    595.407 
    level1_PS12              23     2.040    656.996    659.035 
    level1_PS13              23     2.040    665.566    667.606 
    level1_PS14              23     2.040    593.081    595.121 
    level1_PS15              23     2.040    656.707    658.747 
    level1_PS16              23     2.040    665.278    667.317 
    level1_PS17              23     2.040    592.796    594.836 
    level1_PS18              23     2.040    656.424    658.464 
    level1_PS19              23     2.040    664.994    667.034 
    level1_PS2               23     2.040    594.224    596.264 
    level1_PS20              23     2.040    592.513    594.552 
    level1_PS21              23     2.040    656.136    658.175 
    level1_PS22              23     2.040    592.374    594.413 
    level1_PS3               23     2.040    657.851    659.891 
    level1_PS4               23     2.040    666.422    668.461 
    level1_PS5               23     2.040    593.939    595.979 
    level1_PS6               23     2.040    657.565    659.604 
    level1_PS7               23     2.040    666.138    668.178 
    level1_PS8               23     2.040    593.653    595.692 
    level1_PS9               23     2.040    657.279    659.319 
    level1_PS0               22     1.951    632.069    634.020 
  exponentSUM_PA8            77    19.325   4027.142   4046.467 
    level01_P_FF              8     2.744    297.120    299.864 
    level02_P_FF              8     2.744    559.439    562.183 
    layer01_aOutL1_FF         3     1.028    298.972    300.000 
    layer01_gOutL1_FF         3     1.028    293.457    294.486 
    layer02_CARRY_FF          3     1.028    298.406    299.434 
    level01_A_FF              3     1.028    292.355    293.383 
    level01_G_FF              3     1.028    286.839    287.867 
    layer02_aOutL2_FF         2     0.686    191.961    192.647 
    layer02_gOutL2_FF         2     0.686    189.756    190.441 
    layer01_CARRY_FF          1     0.343    103.702    104.044 
    layer02_aOutL1_FF         1     0.343     95.981     96.323 
    layer02_gOutL1_FF         1     0.343     94.878     95.221 
    level02_A_FF              1     0.343     95.981     96.323 
    level02_G_FF              1     0.343     89.158     89.501 
    level1_02                 2     0.206     47.585     47.791 
    level1_03                 2     0.204     47.106     47.310 
    level1_04                 2     0.204     47.106     47.310 
    level2_03                 2     0.204     47.107     47.311 
    level2_04                 2     0.204     47.107     47.311 
    level3_01                 1     0.117     35.033     35.150 
    level2_01                 1     0.115     24.763     24.878 
    level2_02                 1     0.115     24.763     24.878 
    level3_02                 1     0.115     26.967     27.082 
    level3_03                 1     0.115     26.967     27.082 
    level3_04                 1     0.115     26.967     27.082 
  exp_normalisePA_case0      50    12.548   2860.277   2872.825 
    level01_P_FF              8     2.743    644.123    646.866 
    level02_P_FF              8     2.742    768.948    771.690 
    layer01_aOutL1_FF         3     1.029    205.873    206.902 
    level01_A_FF              3     1.029    259.116    260.144 
    layer02_CARRY_FF          3     1.028    311.105    312.133 
    layer02_aOutL2_FF         2     0.686    162.576    163.262 
    layer01_CARRY_FF          1     0.343    103.702    104.044 
    layer02_aOutL1_FF         1     0.343     95.981     96.323 
    level02_A_FF              1     0.343     95.981     96.323 
    level2_01                 1     0.089     22.345     22.434 
    level2_02                 1     0.089     22.345     22.434 
    level2_03                 1     0.089     22.345     22.434 
    level2_04                 1     0.089     22.345     22.434 
    level3_01                 1     0.089     24.562     24.650 
    level3_02                 1     0.089     24.562     24.650 
    level3_03                 1     0.089     24.562     24.650 
    level1_04                 1     0.080      0.000      0.080 
    level3_04                 1     0.079      7.265      7.344 
    level1_02                 1     0.079      0.012      0.090 
    level1_03                 1     0.079      0.012      0.090 
  exp_normalisePA_case1      47    11.573   2627.481   2639.054 
    level01_P_FF              8     2.743    644.123    646.866 
    level02_P_FF              8     2.742    765.639    768.381 
    layer01_aOutL1_FF         3     1.029    206.976    208.005 
    level01_A_FF              3     1.029    260.219    261.247 
    layer02_CARRY_FF          2     0.686    211.815    212.501 
    layer02_aOutL2_FF         2     0.686    162.576    163.262 
    layer02_aOutL1_FF         1     0.343     95.981     96.323 
    level02_A_FF              1     0.343     95.981     96.323 
    level2_03                 1     0.089     22.345     22.434 
    level2_04                 1     0.089     22.345     22.434 
    level3_01                 1     0.089     24.562     24.650 
    level3_02                 1     0.089     24.562     24.650 
    level3_03                 1     0.089     24.562     24.650 
    level1_04                 1     0.080      0.000      0.080 
    level3_04                 1     0.079      7.265      7.344 
    level1_02                 1     0.079      0.012      0.090 
    level1_03                 1     0.079      0.012      0.090 
  mantissa_product_FF        25     8.574   2019.439   2028.013 
  mantissa_shifter           23     3.560    788.670    792.230 
    MUX0                      1     0.155     34.291     34.446 
    MUX1                      1     0.155     34.290     34.445 
    MUX10                     1     0.155     34.290     34.445 
    MUX11                     1     0.155     34.290     34.445 
    MUX12                     1     0.155     34.290     34.445 
    MUX13                     1     0.155     34.290     34.445 
    MUX14                     1     0.155     34.290     34.445 
    MUX15                     1     0.155     34.290     34.445 
    MUX16                     1     0.155     34.290     34.445 
    MUX17                     1     0.155     34.290     34.445 
    MUX18                     1     0.155     34.290     34.445 
    MUX19                     1     0.155     34.290     34.445 
    MUX2                      1     0.155     34.290     34.445 
    MUX20                     1     0.155     34.290     34.445 
    MUX21                     1     0.155     34.290     34.445 
    MUX22                     1     0.155     34.291     34.446 
    MUX3                      1     0.155     34.290     34.445 
    MUX4                      1     0.155     34.290     34.445 
    MUX5                      1     0.155     34.290     34.445 
    MUX6                      1     0.155     34.290     34.445 
    MUX7                      1     0.155     34.290     34.445 
    MUX8                      1     0.155     34.290     34.445 
    MUX9                      1     0.155     34.290     34.445 
  sign_delay_FFs             10     3.428    868.735    872.163 
    DFF_layer1                1     0.343     24.912     25.255 
    DFF_layer2                1     0.343     67.154     67.497 
    DFF_layer10               1     0.343     97.084     97.426 
    DFF_layer3                1     0.343     97.084     97.426 
    DFF_layer4                1     0.343     97.084     97.426 
    DFF_layer5                1     0.343     97.084     97.426 
    DFF_layer6                1     0.343     97.084     97.426 
    DFF_layer7                1     0.343     97.084     97.426 
    DFF_layer8                1     0.343     97.084     97.426 
    DFF_layer9                1     0.343     97.084     97.426 
  exponentSUM_FF              8     2.744    460.148    462.891 
  expSUM_norm_FF0_level0      8     2.743    343.638    346.382 
  expSUM_norm_FF1_level1      8     2.743    597.090    599.834 
  expSUM_norm_FF0_level1      8     2.743    597.090    599.834 
  expSUM_norm_FF1_level0      8     2.743    373.568    376.311 
  expSUM_norm_FF0_level3      8     2.742    776.669    779.411 
  expSUM_norm_FF0             8     2.742    767.845    770.587 
  expSUM_norm_FF0_level2      8     2.742    776.669    779.411 
  expSUM_norm_FF1             8     2.742    767.845    770.587 
  expSUM_norm_FF1_level2      8     2.742    776.669    779.411 
  expSUM_norm_FF1_level3      8     2.742    776.669    779.411 
  MUX_exp_norm                8     1.238    274.339    275.578 
    MUX0                      1     0.155     34.292     34.447 
    MUX1                      1     0.155     34.292     34.447 
    MUX2                      1     0.155     34.292     34.447 
    MUX3                      1     0.155     34.292     34.447 
    MUX4                      1     0.155     34.292     34.447 
    MUX5                      1     0.155     34.292     34.447 
    MUX6                      1     0.155     34.292     34.447 
    MUX7                      1     0.155     34.292     34.447 

