============================================================
  Generated by:           Genus(TM) Synthesis Solution GENUS15.23 - 15.20-s040_1
  Generated on:           Aug 21 2016  11:17:15 pm
  Module:                 processor
  Technology libraries:   fast_vdd1v0 1.0
                          abstract_models 
  Operating conditions:   PVT_1P1V_0C (balanced_tree)
  Wireload mode:          enclosed
  Area mode:              timing library
============================================================

                               Leakage    Dynamic     Total   
        Instance        Cells Power(nW)  Power(nW)  Power(nW) 
--------------------------------------------------------------
WMultiplier              2236   575.562 135714.508 136290.070 
  PS_finalFF              479   131.896  28974.461  29106.357 
    PA32_LSB              447   120.923  27302.155  27423.079 
      layer02_P_FF         32    10.970   2944.200   2955.170 
      layer01_P_FF         32    10.970   2710.612   2721.582 
      layer04_P_FF         32    10.969   3098.955   3109.924 
      layer03_P_FF         32    10.969   3106.677   3117.645 
      layer02_gOutL2_FF    12     4.115    894.801    898.916 
      layer03_gOutL3_FF    12     4.114   1148.447   1152.561 
      layer01_gOutL1_FF    11     3.773    371.477    375.250 
      layer01_G_FF         11     3.773    390.513    394.286 
      layer01_aOutL1_FF    10     3.428    875.493    878.921 
      layer02_aOutL2_FF    10     3.428    944.066    947.494 
      layer01_A_FF         10     3.428    924.095    927.523 
      layer04_aOutL4_FF     8     2.743    630.495    633.238 
      layer03_aOutL3_FF     8     2.742    732.663    735.406 
      layer04_gOutL4_FF     8     2.742    749.027    751.769 
      layer04_CARRY_FF      6     2.057    592.054    594.111 
      layer03_gOutL2_FF     6     2.057    495.608    497.665 
      layer02_G_FF          5     1.715    293.574    295.289 
      layer02_gOutL1_FF     5     1.715    196.731    198.446 
      layer02_A_FF          5     1.714    467.349    469.063 
      layer02_aOutL1_FF     5     1.714    467.349    469.063 
      layer04_aOutL3_FF     4     1.371    323.007    324.378 
      layer03_aOutL2_FF     4     1.371    392.747    394.118 
      layer04_gOutL3_FF     4     1.371    379.511    380.882 
      layer03_G_FF          2     0.686    174.859    175.545 
      layer03_gOutL1_FF     2     0.686    121.995    122.681 
      layer03_A_FF          2     0.686    196.373    197.059 
      layer03_aOutL1_FF     2     0.686    196.373    197.059 
      layer04_aOutL2_FF     2     0.686    191.961    192.647 
      layer04_gOutL2_FF     2     0.686    189.755    190.441 
      layer04_A_FF          1     0.343     95.981     96.323 
      layer04_G_FF          1     0.343     94.878     95.220 
      layer04_aOutL1_FF     1     0.343     95.981     96.323 
      layer04_gOutL1_FF     1     0.343     94.878     95.220 
      level2_11             2     0.218     22.557     22.775 
      level2_12             2     0.218     22.557     22.775 
      level2_13             2     0.218     22.557     22.775 
      level2_14             2     0.218     22.557     22.775 
      level2_15             2     0.218     22.557     22.775 
      level2_16             2     0.218     22.557     22.775 
      level1_07             2     0.210     22.777     22.987 
      level1_08             2     0.210     22.777     22.987 
      level1_11             2     0.210     22.777     22.987 
      level1_14             2     0.210     22.777     22.987 
      level1_15             2     0.210     22.777     22.987 
      level1_16             2     0.210     22.777     22.987 
      level2_07             2     0.210     45.506     45.716 
      level2_08             2     0.210     45.506     45.716 
      level1_10             2     0.210     30.249     30.459 
      level3_14             2     0.208     48.846     49.054 
      level3_10             2     0.208     48.860     49.068 
      level1_13             2     0.207      3.595      3.802 
      level3_13             2     0.207     47.607     47.814 
      level4_10             2     0.207     39.165     39.372 
      level3_15             2     0.204     47.114     47.317 
      level3_16             2     0.204     47.114     47.317 
      level3_09             2     0.203     47.138     47.341 
      level3_11             2     0.203     47.138     47.341 
      level3_12             2     0.203     47.138     47.341 
      level1_09             2     0.202      0.000      0.202 
      level4_09             2     0.202     33.993     34.195 
      level4_11             2     0.202     37.432     37.635 
      level4_12             2     0.202     37.432     37.635 
      level4_13             2     0.202     37.432     37.635 
      level4_14             2     0.202     37.432     37.635 
      level4_16             2     0.202     37.432     37.635 
      level2_09             2     0.202     15.612     15.814 
      level2_10             2     0.202     15.612     15.814 
      level1_12             2     0.201      0.012      0.213 
      level4_15             2     0.198     23.799     23.997 
      level3_06             1     0.129      0.212      0.341 
      level3_05             1     0.127     19.882     20.010 
      level1_06             1     0.121      0.434      0.556 
      level3_07             1     0.121     23.161     23.282 
      level3_08             1     0.121     23.161     23.282 
      level5_08             1     0.117     26.339     26.456 
      level5_07             1     0.116     26.376     26.492 
      level5_16             1     0.116     22.540     22.656 
      level5_01             1     0.115     26.959     27.073 
      level5_02             1     0.115     26.959     27.073 
      level5_03             1     0.115     26.959     27.073 
      level5_04             1     0.115     26.959     27.073 
      level5_05             1     0.115     26.959     27.073 
      level5_06             1     0.115     26.959     27.073 
      level5_09             1     0.115     26.959     27.073 
      level5_10             1     0.115     26.959     27.073 
      level5_11             1     0.115     26.959     27.073 
      level5_12             1     0.115     26.959     27.073 
      level5_13             1     0.115     26.959     27.073 
      level5_14             1     0.115     26.959     27.073 
      level5_15             1     0.115     26.959     27.073 
    SUM_LSB_FF             32    10.973   1672.306   1683.279 
  level5_PSFF0             32    10.971   3187.943   3198.914 
  level3_PSFF0             32    10.971   2912.296   2923.267 
  level7_PSFF0             32    10.971   2519.131   2530.102 
  level1_PSFF0             32    10.969   3156.699   3167.669 
  level1_PSFF1             30    10.283   3101.135   3111.418 
  CSA_level1_0             32    10.029   1763.244   1773.273 
    FA31                    2     0.333     30.889     31.223 
    FA9                     1     0.332     55.180     55.513 
    FA10                    1     0.329     55.226     55.555 
    FA25                    1     0.329     55.180     55.509 
    FA11                    1     0.328     55.286     55.615 
    FA26                    1     0.327     55.226     55.553 
    FA27                    1     0.327     55.286     55.613 
    FA12                    1     0.324     59.698     60.022 
    FA13                    1     0.324     59.698     60.022 
    FA14                    1     0.324     59.698     60.022 
    FA15                    1     0.324     59.698     60.022 
    FA16                    1     0.324     59.698     60.022 
    FA17                    1     0.324     59.698     60.022 
    FA18                    1     0.324     59.698     60.022 
    FA19                    1     0.324     59.698     60.022 
    FA2                     1     0.324     59.698     60.022 
    FA20                    1     0.324     59.698     60.022 
    FA21                    1     0.324     59.698     60.022 
    FA22                    1     0.324     59.698     60.022 
    FA23                    1     0.324     59.698     60.022 
    FA24                    1     0.324     59.698     60.022 
    FA28                    1     0.324     59.698     60.022 
    FA29                    1     0.324     59.698     60.022 
    FA3                     1     0.324     59.698     60.022 
    FA30                    1     0.324     59.698     60.022 
    FA4                     1     0.324     59.698     60.022 
    FA5                     1     0.324     59.698     60.022 
    FA6                     1     0.324     59.698     60.022 
    FA7                     1     0.324     59.698     60.022 
    FA8                     1     0.324     59.698     60.022 
    FA1                     1     0.268     27.910     28.179 
  level1_PSFF2             29     9.941   2766.805   2776.746 
  CSA_level2_0             31     9.742   1981.859   1991.601 
    FA31                    2     0.333     33.093     33.426 
    FA10                    1     0.332     67.475     67.807 
    FA11                    1     0.332     67.475     67.807 
    FA9                     1     0.332     67.475     67.807 
    FA4                     1     0.331     35.196     35.527 
    FA25                    1     0.329     67.475     67.804 
    FA26                    1     0.329     67.475     67.804 
    FA27                    1     0.329     67.475     67.804 
    FA12                    1     0.328     67.581     67.909 
    FA13                    1     0.328     67.581     67.909 
    FA14                    1     0.328     67.581     67.909 
    FA28                    1     0.327     67.581     67.908 
    FA29                    1     0.327     67.581     67.908 
    FA30                    1     0.327     59.859     60.186 
    FA15                    1     0.324     72.939     73.263 
    FA16                    1     0.324     72.939     73.263 
    FA17                    1     0.324     72.939     73.263 
    FA18                    1     0.324     72.939     73.263 
    FA19                    1     0.324     72.939     73.263 
    FA20                    1     0.324     72.939     73.263 
    FA21                    1     0.324     72.939     73.263 
    FA22                    1     0.324     72.939     73.263 
    FA23                    1     0.324     72.939     73.263 
    FA24                    1     0.324     72.939     73.263 
    FA3                     1     0.324     66.320     66.644 
    FA5                     1     0.324     69.629     69.954 
    FA6                     1     0.324     72.939     73.263 
    FA7                     1     0.324     69.629     69.954 
    FA8                     1     0.324     72.939     73.263 
    FA2                     1     0.268     30.110     30.378 
  level3_PSFF1             28     9.598   2666.470   2676.068 
  CSA_level3_0             30     9.357   1539.325   1548.682 
    FA31                    2     0.336     26.477     26.813 
    FA6                     1     0.331     28.571     28.901 
    FA10                    1     0.329     55.220     55.549 
    FA11                    1     0.329     55.220     55.549 
    FA12                    1     0.329     55.220     55.549 
    FA13                    1     0.329     55.220     55.549 
    FA14                    1     0.329     55.220     55.549 
    FA9                     1     0.329     55.220     55.549 
    FA15                    1     0.328     55.280     55.608 
    FA16                    1     0.328     55.280     55.608 
    FA17                    1     0.328     55.280     55.608 
    FA25                    1     0.327     55.220     55.547 
    FA26                    1     0.327     55.220     55.547 
    FA27                    1     0.327     55.220     55.547 
    FA28                    1     0.327     55.220     55.547 
    FA29                    1     0.327     55.220     55.547 
    FA30                    1     0.327     55.220     55.547 
    FA18                    1     0.324     59.692     60.016 
    FA19                    1     0.324     59.692     60.016 
    FA20                    1     0.324     59.692     60.016 
    FA21                    1     0.324     59.692     60.016 
    FA22                    1     0.324     59.692     60.016 
    FA23                    1     0.324     59.692     60.016 
    FA24                    1     0.324     59.692     60.016 
    FA5                     1     0.324     59.696     60.020 
    FA7                     1     0.324     59.694     60.018 
    FA8                     1     0.324     59.692     60.016 
    FA3                     1     0.268     27.922     28.190 
    FA4                     1     0.258     30.948     31.207 
  level1_PSFF3             27     9.255   2788.926   2798.181 
  CSA_level4_0             29     9.060   2016.098   2025.159 
    FA14                    1     0.345     84.130     84.475 
    FA22                    1     0.338     89.732     90.070 
    FA9                     1     0.337     57.083     57.420 
    FA10                    1     0.336     75.548     75.884 
    FA18                    1     0.336    162.781    163.117 
    FA11                    1     0.335     94.724     95.059 
    FA26                    1     0.335    111.630    111.965 
    FA20                    1     0.334     67.475     67.809 
    FA28                    1     0.334    142.819    143.153 
    FA15                    1     0.334     64.638     64.972 
    FA31                    2     0.333     33.093     33.426 
    FA30                    1     0.332     59.753     60.085 
    FA13                    1     0.331     54.778     55.109 
    FA8                     1     0.331     40.749     41.079 
    FA27                    1     0.330     56.589     56.919 
    FA7                     1     0.330     56.226     56.556 
    FA16                    1     0.329     64.638     64.968 
    FA12                    1     0.324     69.629     69.954 
    FA17                    1     0.324     72.939     73.263 
    FA19                    1     0.324     72.939     73.263 
    FA21                    1     0.324     72.939     73.263 
    FA23                    1     0.324     72.939     73.263 
    FA24                    1     0.324     72.939     73.263 
    FA25                    1     0.324     72.939     73.263 
    FA29                    1     0.324     72.939     73.263 
    FA6                     1     0.268     30.110     30.378 
    FA5                     1     0.260     50.990     51.250 
    FA4                     1     0.258     38.412     38.671 
  CSA_level1_1             29     9.057   1584.153   1593.209 
    FA31                    2     0.333     30.889     31.223 
    FA12                    1     0.332     55.180     55.513 
    FA13                    1     0.329     55.226     55.555 
    FA28                    1     0.329     55.180     55.509 
    FA14                    1     0.328     55.286     55.615 
    FA29                    1     0.327     55.226     55.553 
    FA30                    1     0.327     55.286     55.613 
    FA10                    1     0.324     59.698     60.022 
    FA11                    1     0.324     59.698     60.022 
    FA15                    1     0.324     59.698     60.022 
    FA16                    1     0.324     59.698     60.023 
    FA17                    1     0.324     59.698     60.023 
    FA18                    1     0.324     59.698     60.023 
    FA19                    1     0.324     59.698     60.023 
    FA20                    1     0.324     59.698     60.023 
    FA21                    1     0.324     59.698     60.023 
    FA22                    1     0.324     59.698     60.023 
    FA23                    1     0.324     59.698     60.023 
    FA24                    1     0.324     59.698     60.023 
    FA25                    1     0.324     59.698     60.023 
    FA26                    1     0.324     59.698     60.023 
    FA27                    1     0.324     59.698     60.023 
    FA5                     1     0.324     59.698     60.022 
    FA6                     1     0.324     59.698     60.022 
    FA7                     1     0.324     59.698     60.022 
    FA8                     1     0.324     59.698     60.022 
    FA9                     1     0.324     59.698     60.022 
    FA4                     1     0.268     27.910     28.179 
  level5_PSFF1             26     8.914   2524.061   2532.975 
  level1_PSFF4             26     8.913   2561.411   2570.323 
  CSA_level5_0             28     8.607   1795.270   1803.877 
    FA27                    1     0.341     65.527     65.868 
    FA31                    2     0.338     26.477     26.815 
    FA16                    1     0.338     69.144     69.482 
    FA14                    1     0.337     70.763     71.101 
    FA13                    1     0.337     73.364     73.701 
    FA29                    1     0.337     99.622     99.959 
    FA19                    1     0.335    108.422    108.757 
    FA23                    1     0.335     50.670     51.005 
    FA15                    1     0.334    101.294    101.629 
    FA10                    1     0.332     71.136     71.468 
    FA11                    1     0.331     71.902     72.233 
    FA17                    1     0.331     28.571     28.901 
    FA20                    1     0.330     55.220     55.551 
    FA22                    1     0.330     85.752     86.082 
    FA26                    1     0.330    124.335    124.664 
    FA12                    1     0.329     55.224     55.553 
    FA30                    1     0.329     55.220     55.549 
    FA24                    1     0.329     55.280     55.609 
    FA18                    1     0.325    113.135    113.460 
    FA21                    1     0.324     59.692     60.016 
    FA25                    1     0.324     59.692     60.016 
    FA28                    1     0.322    113.135    113.457 
    FA9                     1     0.267     35.911     36.177 
    FA5                     1     0.264     36.792     37.056 
    FA8                     1     0.260     38.164     38.424 
    FA7                     1     0.260     53.144     53.404 
    FA6                     1     0.258     17.681     17.939 
  level3_PSFF2             25     8.571   2233.792   2242.363 
  CSA_level2_1             27     8.343   1698.550   1706.892 
    FA31                    2     0.346     62.994     63.339 
    FA15                    1     0.329     64.684     65.013 
    FA16                    1     0.329     64.684     65.013 
    FA17                    1     0.329     64.684     65.013 
    FA10                    1     0.324     65.217     65.541 
    FA11                    1     0.324     69.629     69.954 
    FA12                    1     0.324     69.629     69.954 
    FA13                    1     0.324     69.629     69.954 
    FA14                    1     0.324     69.629     69.954 
    FA18                    1     0.324     69.629     69.954 
    FA19                    1     0.324     69.629     69.954 
    FA20                    1     0.324     69.629     69.954 
    FA21                    1     0.324     69.629     69.954 
    FA22                    1     0.324     69.629     69.954 
    FA23                    1     0.324     69.629     69.954 
    FA24                    1     0.324     69.629     69.954 
    FA25                    1     0.324     69.629     69.954 
    FA26                    1     0.324     69.629     69.954 
    FA27                    1     0.324     69.629     69.954 
    FA28                    1     0.324     69.629     69.954 
    FA29                    1     0.324     69.629     69.954 
    FA30                    1     0.324     61.908     62.232 
    FA8                     1     0.324     67.423     67.747 
    FA9                     1     0.324     67.423     67.747 
    FA6                     1     0.268     27.904     28.172 
    FA7                     1     0.258     37.559     37.817 
  level7_PSFF1             24     8.229   1694.598   1702.827 
  level1_PSFF5             24     8.226   2405.020   2413.246 
  CSA_level1_2             26     8.094   1451.950   1460.044 
    FA31                    2     0.353     64.379     64.732 
    FA15                    1     0.332     55.180     55.513 
    FA16                    1     0.329     55.226     55.555 
    FA17                    1     0.328     55.286     55.615 
    FA10                    1     0.324     59.698     60.022 
    FA11                    1     0.324     59.698     60.022 
    FA12                    1     0.324     59.698     60.022 
    FA13                    1     0.324     59.698     60.022 
    FA14                    1     0.324     59.698     60.022 
    FA18                    1     0.324     59.698     60.023 
    FA19                    1     0.324     59.698     60.023 
    FA20                    1     0.324     59.698     60.023 
    FA21                    1     0.324     59.699     60.023 
    FA22                    1     0.324     59.699     60.023 
    FA23                    1     0.324     59.699     60.023 
    FA24                    1     0.324     59.699     60.023 
    FA25                    1     0.324     59.699     60.023 
    FA26                    1     0.324     59.699     60.023 
    FA27                    1     0.324     59.699     60.023 
    FA28                    1     0.324     59.699     60.023 
    FA29                    1     0.324     59.699     60.023 
    FA30                    1     0.324     59.699     60.023 
    FA8                     1     0.324     59.698     60.022 
    FA9                     1     0.324     59.698     60.022 
    FA7                     1     0.268     27.910     28.179 
  CSA_level6_0             27     7.968   1135.602   1143.570 
    FA15                    1     0.339     43.989     44.328 
    FA16                    1     0.337     30.652     30.989 
    FA31                    2     0.333     33.093     33.426 
    FA21                    1     0.331     35.196     35.527 
    FA22                    1     0.331     35.196     35.527 
    FA23                    1     0.331     35.196     35.527 
    FA25                    1     0.331     35.196     35.527 
    FA26                    1     0.331     35.196     35.527 
    FA17                    1     0.324     66.320     66.644 
    FA18                    1     0.324     66.320     66.644 
    FA19                    1     0.324     66.320     66.644 
    FA20                    1     0.324     66.320     66.644 
    FA24                    1     0.324     69.629     69.954 
    FA27                    1     0.324     69.629     69.954 
    FA28                    1     0.324     69.629     69.954 
    FA29                    1     0.324     69.629     69.954 
    FA30                    1     0.324     61.908     62.232 
    FA10                    1     0.268     30.110     30.378 
    FA11                    1     0.268     30.110     30.378 
    FA12                    1     0.268     30.110     30.378 
    FA13                    1     0.268     30.110     30.378 
    FA14                    1     0.268     30.110     30.378 
    FA8                     1     0.265     32.347     32.612 
    FA9                     1     0.265     32.347     32.612 
    FA6                     1     0.258     30.940     31.199 
    FA7                     1     0.258      0.000      0.258 
  level1_PSFF6             23     7.884   2261.560   2269.444 
  level3_PSFF3             22     7.541   2182.997   2190.539 
  CSA_level3_1             24     7.315   1194.301   1201.616 
    FA31                    2     0.333     30.896     31.229 
    FA13                    1     0.331     28.571     28.902 
    FA18                    1     0.328     55.280     55.609 
    FA19                    1     0.328     55.280     55.609 
    FA20                    1     0.328     55.280     55.609 
    FA21                    1     0.328     55.280     55.609 
    FA22                    1     0.328     55.280     55.609 
    FA23                    1     0.328     55.280     55.609 
    FA12                    1     0.324     59.692     60.016 
    FA14                    1     0.324     59.692     60.016 
    FA15                    1     0.324     59.692     60.016 
    FA16                    1     0.324     59.692     60.016 
    FA17                    1     0.324     59.692     60.016 
    FA24                    1     0.324     59.692     60.016 
    FA25                    1     0.324     59.692     60.016 
    FA26                    1     0.324     59.692     60.016 
    FA27                    1     0.324     59.692     60.016 
    FA28                    1     0.324     59.692     60.016 
    FA29                    1     0.324     59.692     60.016 
    FA30                    1     0.324     59.692     60.016 
    FA9                     1     0.268     27.921     28.189 
    FA10                    1     0.265     27.981     28.246 
    FA11                    1     0.258     30.948     31.207 
  CSA_level7_0             26     7.222    813.435    820.658 
    FA25                    1     0.339     30.985     31.324 
    FA31                    2     0.333     30.887     31.220 
    FA22                    1     0.331     28.573     28.904 
    FA23                    1     0.331     28.573     28.904 
    FA26                    1     0.331     28.573     28.904 
    FA24                    1     0.324     59.696     60.020 
    FA27                    1     0.324     59.696     60.020 
    FA28                    1     0.324     59.696     60.020 
    FA29                    1     0.324     59.696     60.020 
    FA30                    1     0.324     59.696     60.020 
    FA17                    1     0.268     27.928     28.196 
    FA18                    1     0.268     27.928     28.196 
    FA19                    1     0.268     27.928     28.196 
    FA20                    1     0.268     27.928     28.196 
    FA15                    1     0.267     36.194     36.461 
    FA8                     1     0.265     27.952     28.216 
    FA9                     1     0.265     27.952     28.216 
    FA11                    1     0.258     30.942     31.200 
    FA12                    1     0.258     30.942     31.200 
    FA13                    1     0.258     30.942     31.200 
    FA14                    1     0.258     30.942     31.200 
    FA21                    1     0.258     30.948     31.207 
    FA16                    1     0.258      8.842      9.101 
    FA10                    1     0.258      0.000      0.258 
    FA7                     1     0.258      0.000      0.258 
  level1_PSFF7             21     7.198   2165.611   2172.809 
  CSA_level1_3             23     7.102   1239.366   1246.468 
    FA31                    2     0.333     30.889     31.223 
    FA18                    1     0.332     55.181     55.513 
    FA19                    1     0.329     55.226     55.555 
    FA20                    1     0.328     55.286     55.615 
    FA11                    1     0.324     59.698     60.022 
    FA12                    1     0.324     59.698     60.022 
    FA13                    1     0.324     59.698     60.022 
    FA14                    1     0.324     59.698     60.022 
    FA15                    1     0.324     59.698     60.023 
    FA16                    1     0.324     59.698     60.023 
    FA17                    1     0.324     59.698     60.023 
    FA21                    1     0.324     59.699     60.023 
    FA22                    1     0.324     59.699     60.023 
    FA23                    1     0.324     59.698     60.023 
    FA24                    1     0.324     59.699     60.023 
    FA25                    1     0.324     59.699     60.023 
    FA26                    1     0.324     59.699     60.023 
    FA27                    1     0.324     59.699     60.023 
    FA28                    1     0.324     59.699     60.023 
    FA29                    1     0.324     59.699     60.023 
    FA30                    1     0.324     59.699     60.023 
    FA10                    1     0.268     27.910     28.179 
  level1_PSFF8             20     6.856   1895.617   1902.473 
  CSA_level2_2             22     6.804   1318.791   1325.595 
    FA31                    2     0.333     33.093     33.426 
    FA18                    1     0.332     64.638     64.971 
    FA19                    1     0.332     64.638     64.971 
    FA20                    1     0.332     64.638     64.971 
    FA13                    1     0.331     35.196     35.527 
    FA21                    1     0.328     64.744     65.073 
    FA22                    1     0.328     64.744     65.073 
    FA23                    1     0.328     64.744     65.073 
    FA12                    1     0.324     72.939     73.263 
    FA14                    1     0.324     69.629     69.954 
    FA15                    1     0.324     69.629     69.954 
    FA16                    1     0.324     69.629     69.954 
    FA17                    1     0.324     69.629     69.954 
    FA24                    1     0.324     69.629     69.954 
    FA25                    1     0.324     69.629     69.954 
    FA26                    1     0.324     69.629     69.954 
    FA27                    1     0.324     69.629     69.954 
    FA28                    1     0.324     69.629     69.954 
    FA29                    1     0.324     69.629     69.954 
    FA30                    1     0.324     61.908     62.232 
    FA11                    1     0.268     31.213     31.481 
  CSA_level8_0             25     6.403    731.788    738.191 
    FA31                    2     0.333     33.093     33.426 
    FA16                    1     0.268     30.110     30.378 
    FA22                    1     0.268     30.110     30.378 
    FA24                    1     0.268     30.110     30.378 
    FA25                    1     0.268     30.110     30.378 
    FA26                    1     0.268     30.110     30.378 
    FA27                    1     0.268     30.110     30.378 
    FA28                    1     0.268     30.110     30.378 
    FA29                    1     0.268     30.110     30.378 
    FA30                    1     0.268     26.801     27.069 
    FA23                    1     0.267     67.014     67.280 
    FA18                    1     0.265     32.347     32.612 
    FA19                    1     0.265     32.347     32.612 
    FA20                    1     0.265     32.347     32.612 
    FA21                    1     0.265     32.347     32.612 
    FA17                    1     0.260      9.242      9.502 
    FA10                    1     0.258     35.352     35.611 
    FA11                    1     0.258     35.352     35.611 
    FA12                    1     0.258     35.352     35.611 
    FA13                    1     0.258     35.352     35.611 
    FA14                    1     0.258     35.352     35.611 
    FA9                     1     0.258     35.352     35.611 
    FA8                     1     0.258     13.260     13.518 
    FA15                    1     0.258      0.000      0.258 
  level3_PSFF4             18     6.172   1574.030   1580.202 
  level1_PSFF9             18     6.170   1846.783   1852.953 
  CSA_level1_4             20     6.129   1060.271   1066.401 
    FA31                    2     0.333     30.889     31.223 
    FA21                    1     0.332     55.181     55.513 
    FA22                    1     0.329     55.226     55.555 
    FA23                    1     0.328     55.286     55.615 
    FA14                    1     0.324     59.698     60.022 
    FA15                    1     0.324     59.698     60.022 
    FA16                    1     0.324     59.698     60.022 
    FA17                    1     0.324     59.698     60.023 
    FA18                    1     0.324     59.698     60.023 
    FA19                    1     0.324     59.698     60.023 
    FA20                    1     0.324     59.698     60.023 
    FA24                    1     0.324     59.699     60.023 
    FA25                    1     0.324     59.699     60.023 
    FA26                    1     0.324     59.699     60.023 
    FA27                    1     0.324     59.699     60.023 
    FA28                    1     0.324     59.699     60.023 
    FA29                    1     0.324     59.699     60.023 
    FA30                    1     0.324     59.699     60.023 
    FA13                    1     0.268     27.910     28.179 
  level5_PSFF2             17     5.828   1429.148   1434.977 
  level1_PSFF10            17     5.828   1640.450   1646.278 
  CSA_level4_1             19     5.734   1061.333   1067.067 
    FA31                    2     0.357     80.246     80.603 
    FA27                    1     0.334     94.505     94.840 
    FA22                    1     0.331     62.477     62.808 
    FA29                    1     0.331     64.684     65.014 
    FA17                    1     0.331     28.578     28.908 
    FA26                    1     0.330     64.744     65.075 
    FA19                    1     0.329     48.160     48.488 
    FA24                    1     0.329     61.435     61.764 
    FA18                    1     0.324     63.011     63.335 
    FA20                    1     0.324     67.423     67.747 
    FA21                    1     0.324     67.423     67.747 
    FA23                    1     0.324     67.423     67.747 
    FA25                    1     0.324     66.320     66.644 
    FA28                    1     0.324     69.629     69.954 
    FA30                    1     0.324     61.908     62.232 
    FA14                    1     0.268     27.904     28.172 
    FA16                    1     0.268     27.904     28.172 
    FA15                    1     0.258     37.559     37.817 
  CSA_level2_3             18     5.413   1083.588   1089.001 
    FA31                    2     0.333     33.093     33.426 
    FA24                    1     0.329     67.521     67.850 
    FA25                    1     0.329     67.521     67.850 
    FA26                    1     0.329     67.521     67.850 
    FA17                    1     0.324     70.732     71.057 
    FA18                    1     0.324     69.629     69.954 
    FA19                    1     0.324     69.629     69.954 
    FA20                    1     0.324     69.629     69.954 
    FA21                    1     0.324     72.939     73.263 
    FA22                    1     0.324     72.939     73.263 
    FA23                    1     0.324     72.939     73.263 
    FA27                    1     0.324     72.939     73.263 
    FA28                    1     0.324     72.939     73.263 
    FA29                    1     0.324     72.939     73.263 
    FA30                    1     0.324     65.217     65.541 
    FA15                    1     0.268     30.110     30.378 
    FA16                    1     0.258     35.352     35.611 
  CSA_level1_5             17     5.157    881.176    886.333 
    FA31                    2     0.333     30.889     31.223 
    FA24                    1     0.332     55.181     55.513 
    FA25                    1     0.329     55.226     55.555 
    FA26                    1     0.328     55.286     55.615 
    FA17                    1     0.324     59.698     60.022 
    FA18                    1     0.324     59.698     60.022 
    FA19                    1     0.324     59.698     60.022 
    FA20                    1     0.324     59.698     60.023 
    FA21                    1     0.324     59.698     60.023 
    FA22                    1     0.324     59.698     60.023 
    FA23                    1     0.324     59.698     60.023 
    FA27                    1     0.324     59.699     60.023 
    FA28                    1     0.324     59.699     60.023 
    FA29                    1     0.324     59.699     60.023 
    FA30                    1     0.324     59.699     60.023 
    FA16                    1     0.268     27.910     28.179 
  CSA_level3_2             17     5.149    733.689    738.838 
    FA31                    2     0.338     26.477     26.815 
    FA19                    1     0.337     28.444     28.781 
    FA20                    1     0.337     28.444     28.781 
    FA22                    1     0.331     28.571     28.901 
    FA24                    1     0.329     55.220     55.549 
    FA25                    1     0.329     55.220     55.549 
    FA26                    1     0.329     55.220     55.549 
    FA27                    1     0.328     55.280     55.608 
    FA28                    1     0.328     55.280     55.608 
    FA29                    1     0.328     55.280     55.608 
    FA30                    1     0.328     55.280     55.608 
    FA18                    1     0.324     59.696     60.020 
    FA21                    1     0.324     59.692     60.016 
    FA23                    1     0.324     59.692     60.016 
    FA16                    1     0.268     27.911     28.179 
    FA17                    1     0.265     27.982     28.247 
  level3_PSFF5             15     5.142   1406.480   1411.621 
  level1_PSFF11            15     5.142   1501.483   1506.624 
  level1_PSFF12            14     4.799   1330.447   1335.246 
  CSA_level1_6             14     4.185    702.080    706.264 
    FA31                    2     0.333     30.889     31.223 
    FA27                    1     0.332     55.181     55.513 
    FA28                    1     0.329     55.226     55.555 
    FA29                    1     0.328     55.286     55.615 
    FA20                    1     0.324     59.698     60.022 
    FA21                    1     0.324     59.698     60.022 
    FA22                    1     0.324     59.698     60.022 
    FA23                    1     0.324     59.698     60.023 
    FA24                    1     0.324     59.698     60.023 
    FA25                    1     0.324     59.698     60.023 
    FA26                    1     0.324     59.698     60.023 
    FA30                    1     0.324     59.699     60.023 
    FA19                    1     0.268     27.910     28.179 
  level1_PSFF13            12     4.113   1234.498   1238.611 
  CSA_level2_4             13     3.882    673.373    677.255 
    FA31                    2     0.338     25.529     25.866 
    FA27                    1     0.332     64.638     64.971 
    FA28                    1     0.332     64.638     64.971 
    FA29                    1     0.332     64.638     64.971 
    FA22                    1     0.331     32.990     33.320 
    FA30                    1     0.328     57.023     57.351 
    FA21                    1     0.324     63.011     63.335 
    FA23                    1     0.324     67.423     67.747 
    FA24                    1     0.324     66.320     66.644 
    FA25                    1     0.324     69.629     69.954 
    FA26                    1     0.324     69.629     69.954 
    FA20                    1     0.268     27.904     28.172 
  level1_PSFF14            11     3.771   1003.493   1007.264 
  level3_PSFF6             11     3.771    985.849    989.620 
  CSA_level5_1             12     3.473    668.458    671.931 
    FA31                    2     0.385    101.724    102.109 
    FA26                    1     0.354     65.104     65.458 
    FA25                    1     0.350     98.899     99.249 
    FA28                    1     0.336     73.407     73.743 
    FA29                    1     0.330     46.430     46.760 
    FA27                    1     0.324     59.695     60.019 
    FA30                    1     0.324     77.275     77.599 
    FA22                    1     0.268     27.921     28.189 
    FA23                    1     0.268     27.921     28.189 
    FA24                    1     0.268     44.834     45.102 
    FA21                    1     0.265     45.248     45.513 
  level5_PSFF3             10     3.428    963.335    966.764 
  CSA_level1_7             11     3.224    564.930    568.154 
    FA31                    2     0.354     63.950     64.305 
    FA30                    1     0.332     55.181     55.513 
    FA23                    1     0.324     59.698     60.022 
    FA24                    1     0.324     59.698     60.022 
    FA25                    1     0.324     59.698     60.022 
    FA26                    1     0.324     59.698     60.023 
    FA27                    1     0.324     59.698     60.023 
    FA28                    1     0.324     59.698     60.023 
    FA29                    1     0.324     59.698     60.023 
    FA22                    1     0.268     27.910     28.179 
  level1_PSFF15             9     3.085    915.670    918.755 
  level1_PS0               32     2.838    912.581    915.419 
  CSA_level3_3             10     2.824    413.708    416.532 
    FA26                    1     0.337     28.444     28.781 
    FA31                    2     0.333     30.896     31.229 
    FA25                    1     0.324     59.698     60.022 
    FA27                    1     0.324     59.692     60.016 
    FA28                    1     0.324     59.692     60.016 
    FA29                    1     0.324     59.692     60.016 
    FA30                    1     0.324     59.692     60.016 
    FA23                    1     0.268     27.921     28.189 
    FA24                    1     0.265     27.981     28.246 
  level1_PS1               31     2.749    888.674    891.423 
  level1_PSFF16             8     2.742    740.899    743.641 
  level3_PSFF7              8     2.742    738.378    741.120 
  level1_PS2               30     2.660    766.448    769.108 
  level1_PS3               29     2.572    824.660    827.232 
  CSA_level4_2              9     2.494    451.745    454.239 
    FA31                    2     0.381     66.928     67.309 
    FA30                    1     0.341     77.715     78.056 
    FA28                    1     0.331     35.196     35.527 
    FA29                    1     0.330     55.229     55.560 
    FA27                    1     0.324     69.629     69.954 
    FA26                    1     0.268     34.522     34.791 
    FA24                    1     0.260     51.488     51.748 
    FA25                    1     0.259     61.036     61.295 
  level1_PS4               28     2.483    800.657    803.140 
  CSA_level2_5              9     2.481    445.599    448.080 
    FA31                    2     0.333     33.093     33.426 
    FA26                    1     0.324     69.629     69.954 
    FA27                    1     0.324     69.629     69.954 
    FA28                    1     0.324     69.629     69.954 
    FA29                    1     0.324     69.629     69.954 
    FA30                    1     0.324     61.908     62.232 
    FA24                    1     0.268     34.522     34.791 
    FA25                    1     0.258     37.559     37.817 
  level1_PS5               27     2.394    688.382    690.776 
  level1_PS6               26     2.306    737.308    739.614 
  CSA_level1_8              8     2.223    357.291    359.514 
    FA31                    2     0.333     30.889     31.223 
    FA26                    1     0.324     59.698     60.022 
    FA27                    1     0.324     59.698     60.022 
    FA28                    1     0.324     59.698     60.022 
    FA29                    1     0.324     59.698     60.023 
    FA30                    1     0.324     59.698     60.023 
    FA25                    1     0.268     27.910     28.179 
  level1_PS7               25     2.217    716.988    719.205 
  level1_PS8               24     2.128    614.218    616.347 
  level1_PSFF17             6     2.057    597.946    600.002 
  level1_PS9               23     2.040    653.012    655.052 
  level1_PS10              22     1.951    629.153    631.104 
  level1_PS11              21     1.862    536.353    538.215 
  level1_PS12              20     1.774    561.878    563.651 
  level3_PSFF8              5     1.714    316.660    318.374 
  level1_PSFF18             5     1.714    424.277    425.991 
  level1_PS13              19     1.685    544.686    546.370 
  level1_PS14              18     1.596    458.572    460.169 
  level1_PS15              17     1.508    477.455    478.962 
  level1_PS16              16     1.419    453.722    455.141 
  level1_PS17              15     1.330    380.842    382.173 
  CSA_level1_9              5     1.250    178.196    179.446 
    FA31                    2     0.333     30.889     31.223 
    FA29                    1     0.324     59.698     60.022 
    FA30                    1     0.324     59.698     60.022 
    FA28                    1     0.268     27.910     28.179 
  level1_PS18              14     1.241    389.782    391.023 
  level1_PS19              13     1.153    366.049    367.202 
  level1_PS20              12     1.064    303.092    304.157 
  level1_PSFF19             3     1.028    301.179    302.207 
  level1_PS21              11     0.975    302.090    303.066 
  CSA_level2_6              4     0.926    126.213    127.139 
    FA31                    2     0.333     33.093     33.426 
    FA30                    1     0.324     60.804     61.129 
    FA29                    1     0.268     32.316     32.584 
  level1_PS22              10     0.887    279.459    280.346 
  level1_PS23               9     0.798    228.934    229.732 
  level1_PS24               8     0.709    218.467    219.176 
  level1_PSFF20             2     0.686    196.373    197.059 
  level1_PS25               7     0.621    194.748    195.368 
  CSA_level3_4              3     0.602     58.799     59.401 
    FA31                    2     0.333     30.887     31.220 
    FA30                    1     0.268     27.913     28.181 
  level1_PS26               6     0.532    151.170    151.702 
  level1_PS27               5     0.443    130.712    131.156 
  level1_PS28               4     0.355    107.001    107.355 
  level1_PSFF21             1     0.343     95.981     96.323 
  level3_PSFF9              1     0.343     97.084     97.426 
  level5_PSFF4              1     0.343     97.084     97.426 
  level7_PSFF2              1     0.343     95.981     96.323 
  level1_PS29               3     0.266     73.358     73.624 
  level1_PS30               2     0.177     45.226     45.404 
  level1_PS31               1     0.089     22.612     22.701 

